      788.002700,        0.000000,        0.000000,        0.000000
     -199.353200,        0.000000,        0.000000,        0.000000
    -1676.758100,        0.000000,        0.000000,        0.000000
      -31.737100,        0.000000,        0.000000,        0.000000
     -932.468200,        0.000000,        0.000000,        0.000000
    -1675.639600,        0.000000,        0.000000,        0.000000
     -860.235900,        0.000000,        0.000000,        0.000000
     -138.386300,        0.000000,        0.000000,        0.000000
    -1668.392600,        0.000000,        0.000000,        0.000000
       -4.541000,        0.000000,        0.000000,        0.000000
      898.146200,        0.000000,        0.000000,        0.000000
    -1659.717000,        0.000000,        0.000000,        0.000000
       -0.098389,        0.023730,        0.000000,        0.000000
        0.085587,        0.022749,        0.000000,        0.000000
       -0.101470,        0.012051,        0.000000,        0.000000
        1.554700,        0.000000,        0.000000,        0.000000
       -1.269000,        0.000000,        0.000000,        0.000000
       23.729500,        0.000000,        0.000000,        0.000000
        0.383396,        0.517572,        1.000000,       48.000000
       -0.342387,        0.332942,        1.000000,       48.000000
       -1.063878,        0.236685,        1.000000,       48.000000
       -1.853415,        0.229846,        1.000000,       48.000000
       -2.643924,        0.238527,        1.000000,       48.000000
       -3.520372,        0.239853,        1.000000,       48.000000
       -4.408692,        0.228891,        1.000000,       48.000000
       -5.248246,        0.213893,        1.000000,       48.000000
       -5.928877,        0.210868,        1.000000,       48.000000
       -6.538351,        0.210890,        1.000000,       48.000000
       -7.086207,        0.205631,        1.000000,       48.000000
       -7.457405,        0.205247,        1.000000,       48.000000
       -7.659175,        0.206692,        1.000000,       48.000000
       -7.569729,        0.208473,        1.000000,       48.000000
       -7.209773,        0.212264,        1.000000,       48.000000
       -6.634579,        0.210475,        1.000000,       48.000000
       -5.937168,        0.207193,        1.000000,       48.000000
       -5.158551,        0.208016,        1.000000,       48.000000
       -4.402697,        0.204353,        1.000000,       48.000000
       -3.834367,        0.205819,        1.000000,       48.000000
       -3.433500,        0.212710,        1.000000,       48.000000
       -3.099389,        0.209140,        1.000000,       48.000000
       -2.915109,        0.204283,        1.000000,       48.000000
       -2.867753,        0.207263,        1.000000,       48.000000
       -2.745101,        0.206336,        1.000000,       48.000000
       -2.556681,        0.205136,        1.000000,       48.000000
       -2.269977,        0.210113,        1.000000,       48.000000
       -1.837803,        0.211895,        1.000000,       48.000000
       -1.351726,        0.214379,        1.000000,       48.000000
       -0.994577,        0.226160,        1.000000,       48.000000
       -0.778830,        0.237832,        1.000000,       48.000000
       -0.659761,        0.230658,        1.000000,       48.000000
       -0.618144,        0.214069,        1.000000,       48.000000
       -0.653507,        0.208193,        1.000000,       48.000000
       -0.666534,        0.207451,        1.000000,       48.000000
       -0.678125,        0.203575,        1.000000,       48.000000
       -0.737324,        0.205880,        1.000000,       48.000000
       -0.834392,        0.207406,        1.000000,       48.000000
       -0.992489,        0.204641,        1.000000,       48.000000
       -1.236121,        0.207657,        1.000000,       48.000000
       -1.583062,        0.210768,        1.000000,       48.000000
       -1.893259,        0.211484,        1.000000,       48.000000
       -2.084925,        0.219975,        1.000000,       48.000000
       -2.176538,        0.224156,        1.000000,       48.000000
       -2.140036,        0.220681,        1.000000,       48.000000
       -2.006881,        0.250685,        1.000000,       48.000000
       -1.852092,        0.354645,        1.000000,       48.000000
       -1.695579,        0.532870,        1.000000,       48.000000
       -0.995687,        0.626085,        2.000000,       48.000000
       -0.882579,        0.521361,        2.000000,       48.000000
       -0.769588,        0.426330,        2.000000,       48.000000
       -0.655989,        0.342818,        2.000000,       48.000000
       -0.543740,        0.273799,        2.000000,       48.000000
       -0.422008,        0.221915,        2.000000,       48.000000
       -0.282312,        0.187778,        2.000000,       48.000000
       -0.121890,        0.173084,        2.000000,       48.000000
        0.067354,        0.174347,        2.000000,       48.000000
        0.294873,        0.185465,        2.000000,       48.000000
        0.551089,        0.199666,        2.000000,       48.000000
        0.809616,        0.212983,        2.000000,       48.000000
        1.049557,        0.224207,        2.000000,       48.000000
        1.254931,        0.232270,        2.000000,       48.000000
        1.421145,        0.236345,        2.000000,       48.000000
        1.547401,        0.235408,        2.000000,       48.000000
        1.630277,        0.228891,        2.000000,       48.000000
        1.667035,        0.217229,        2.000000,       48.000000
        1.655019,        0.202163,        2.000000,       48.000000
        1.590783,        0.185890,        2.000000,       48.000000
        1.473975,        0.170507,        2.000000,       48.000000
        1.310404,        0.159854,        2.000000,       48.000000
        1.126019,        0.157726,        2.000000,       48.000000
        0.946913,        0.164309,        2.000000,       48.000000
        0.791910,        0.178218,        2.000000,       48.000000
        0.651569,        0.194916,        2.000000,       48.000000
        0.509264,        0.211581,        2.000000,       48.000000
        0.360059,        0.226772,        2.000000,       48.000000
        0.203771,        0.239210,        2.000000,       48.000000
        0.039157,        0.248157,        2.000000,       48.000000
       -0.130057,        0.252604,        2.000000,       48.000000
       -0.295812,        0.251351,        2.000000,       48.000000
       -0.450711,        0.244014,        2.000000,       48.000000
       -0.587324,        0.231071,        2.000000,       48.000000
       -0.698393,        0.213975,        2.000000,       48.000000
       -0.776181,        0.195726,        2.000000,       48.000000
       -0.812993,        0.178700,        2.000000,       48.000000
       -0.805608,        0.166260,        2.000000,       48.000000
       -0.751750,        0.163323,        2.000000,       48.000000
       -0.647976,        0.170295,        2.000000,       48.000000
       -0.495641,        0.186907,        2.000000,       48.000000
       -0.312965,        0.211090,        2.000000,       48.000000
       -0.110067,        0.242383,        2.000000,       48.000000
        0.101020,        0.282498,        2.000000,       48.000000
        0.315378,        0.332991,        2.000000,       48.000000
        0.529308,        0.395847,        2.000000,       48.000000
        0.742909,        0.471557,        2.000000,       48.000000
        0.956635,        0.558854,        2.000000,       48.000000
       -0.852045,        0.314857,        3.000000,       48.000000
       -0.832127,        0.252866,        3.000000,       48.000000
       -0.811906,        0.216801,        3.000000,       48.000000
       -0.800563,        0.207218,        3.000000,       48.000000
       -0.814883,        0.215446,        3.000000,       48.000000
       -0.847300,        0.228931,        3.000000,       48.000000
       -0.893935,        0.239995,        3.000000,       48.000000
       -0.955418,        0.245251,        3.000000,       48.000000
       -1.031418,        0.244102,        3.000000,       48.000000
       -1.121828,        0.237593,        3.000000,       48.000000
       -1.227889,        0.228201,        3.000000,       48.000000
       -1.336156,        0.217218,        3.000000,       48.000000
       -1.437262,        0.205638,        3.000000,       48.000000
       -1.529360,        0.193877,        3.000000,       48.000000
       -1.613980,        0.182933,        3.000000,       48.000000
       -1.689770,        0.174626,        3.000000,       48.000000
       -1.753905,        0.171681,        3.000000,       48.000000
       -1.811490,        0.174612,        3.000000,       48.000000
       -1.872001,        0.182257,        3.000000,       48.000000
       -1.949750,        0.191527,        3.000000,       48.000000
       -2.054840,        0.200778,        3.000000,       48.000000
       -2.190938,        0.208424,        3.000000,       48.000000
       -2.346362,        0.212706,        3.000000,       48.000000
       -2.511767,        0.213524,        3.000000,       48.000000
       -2.677698,        0.212113,        3.000000,       48.000000
       -2.830242,        0.209979,        3.000000,       48.000000
       -2.946475,        0.206843,        3.000000,       48.000000
       -3.014666,        0.202779,        3.000000,       48.000000
       -3.032551,        0.197083,        3.000000,       48.000000
       -3.004381,        0.189515,        3.000000,       48.000000
       -2.941361,        0.180485,        3.000000,       48.000000
       -2.856932,        0.171864,        3.000000,       48.000000
       -2.765740,        0.168166,        3.000000,       48.000000
       -2.685888,        0.170757,        3.000000,       48.000000
       -2.635340,        0.179125,        3.000000,       48.000000
       -2.610832,        0.190760,        3.000000,       48.000000
       -2.601844,        0.202836,        3.000000,       48.000000
       -2.604236,        0.213994,        3.000000,       48.000000
       -2.613671,        0.222425,        3.000000,       48.000000
       -2.625267,        0.227743,        3.000000,       48.000000
       -2.634483,        0.231467,        3.000000,       48.000000
       -2.635705,        0.237332,        3.000000,       48.000000
       -2.629731,        0.248658,        3.000000,       48.000000
       -2.615885,        0.269388,        3.000000,       48.000000
       -2.601031,        0.302958,        3.000000,       48.000000
       -2.588657,        0.352030,        3.000000,       48.000000
       -2.579084,        0.417068,        3.000000,       48.000000
       -2.569351,        0.496708,        3.000000,       48.000000
       -0.269109,        0.285070,        4.000000,       48.000000
       -0.234513,        0.226320,        4.000000,       48.000000
       -0.200166,        0.187912,        4.000000,       48.000000
       -0.163685,        0.168763,        4.000000,       48.000000
       -0.125667,        0.162036,        4.000000,       48.000000
       -0.083309,        0.160733,        4.000000,       48.000000
       -0.033349,        0.159506,        4.000000,       48.000000
        0.027240,        0.157423,        4.000000,       48.000000
        0.098907,        0.155748,        4.000000,       48.000000
        0.177512,        0.154943,        4.000000,       48.000000
        0.258595,        0.154931,        4.000000,       48.000000
        0.339615,        0.155877,        4.000000,       48.000000
        0.418696,        0.157336,        4.000000,       48.000000
        0.488019,        0.158607,        4.000000,       48.000000
        0.533474,        0.159343,        4.000000,       48.000000
        0.550562,        0.158869,        4.000000,       48.000000
        0.543177,        0.157391,        4.000000,       48.000000
        0.518333,        0.155354,        4.000000,       48.000000
        0.477779,        0.153025,        4.000000,       48.000000
        0.419201,        0.151134,        4.000000,       48.000000
        0.336056,        0.149986,        4.000000,       48.000000
        0.236708,        0.148976,        4.000000,       48.000000
        0.124648,        0.148265,        4.000000,       48.000000
        0.019674,        0.148589,        4.000000,       48.000000
       -0.056005,        0.150099,        4.000000,       48.000000
       -0.095909,        0.152989,        4.000000,       48.000000
       -0.103190,        0.156481,        4.000000,       48.000000
       -0.093786,        0.159690,        4.000000,       48.000000
       -0.082188,        0.162334,        4.000000,       48.000000
       -0.075372,        0.164168,        4.000000,       48.000000
       -0.079214,        0.164475,        4.000000,       48.000000
       -0.098351,        0.162156,        4.000000,       48.000000
       -0.140476,        0.158658,        4.000000,       48.000000
       -0.191049,        0.155207,        4.000000,       48.000000
       -0.232066,        0.152130,        4.000000,       48.000000
       -0.252746,        0.149866,        4.000000,       48.000000
       -0.253057,        0.148780,        4.000000,       48.000000
       -0.236939,        0.148945,        4.000000,       48.000000
       -0.202158,        0.150405,        4.000000,       48.000000
       -0.147461,        0.152902,        4.000000,       48.000000
       -0.082287,        0.155553,        4.000000,       48.000000
       -0.015069,        0.158230,        4.000000,       48.000000
        0.045657,        0.161717,        4.000000,       48.000000
        0.098294,        0.167023,        4.000000,       48.000000
        0.153957,        0.177510,        4.000000,       48.000000
        0.219280,        0.200525,        4.000000,       48.000000
        0.287469,        0.242211,        4.000000,       48.000000
        0.355557,        0.302913,        4.000000,       48.000000
        0.576582,        0.265377,        5.000000,       48.000000
        0.586403,        0.206742,        5.000000,       48.000000
        0.596869,        0.169793,        5.000000,       48.000000
        0.598610,        0.153731,        5.000000,       48.000000
        0.578638,        0.150046,        5.000000,       48.000000
        0.537920,        0.151291,        5.000000,       48.000000
        0.493359,        0.151906,        5.000000,       48.000000
        0.461487,        0.151210,        5.000000,       48.000000
        0.460250,        0.150267,        5.000000,       48.000000
        0.479474,        0.149322,        5.000000,       48.000000
        0.497980,        0.148231,        5.000000,       48.000000
        0.502909,        0.147387,        5.000000,       48.000000
        0.487803,        0.146703,        5.000000,       48.000000
        0.451367,        0.145972,        5.000000,       48.000000
        0.400126,        0.145179,        5.000000,       48.000000
        0.349677,        0.143902,        5.000000,       48.000000
        0.310522,        0.142166,        5.000000,       48.000000
        0.290007,        0.140531,        5.000000,       48.000000
        0.294756,        0.138909,        5.000000,       48.000000
        0.324476,        0.137844,        5.000000,       48.000000
        0.354475,        0.137944,        5.000000,       48.000000
        0.375782,        0.138747,        5.000000,       48.000000
        0.381396,        0.140292,        5.000000,       48.000000
        0.361156,        0.142257,        5.000000,       48.000000
        0.315917,        0.144092,        5.000000,       48.000000
        0.249281,        0.145594,        5.000000,       48.000000
        0.182920,        0.146995,        5.000000,       48.000000
        0.127098,        0.148195,        5.000000,       48.000000
        0.090012,        0.149369,        5.000000,       48.000000
        0.070628,        0.150806,        5.000000,       48.000000
        0.067556,        0.151529,        5.000000,       48.000000
        0.080123,        0.149965,        5.000000,       48.000000
        0.113927,        0.147181,        5.000000,       48.000000
        0.156977,        0.144779,        5.000000,       48.000000
        0.181809,        0.142652,        5.000000,       48.000000
        0.173582,        0.140886,        5.000000,       48.000000
        0.144389,        0.140118,        5.000000,       48.000000
        0.110819,        0.140225,        5.000000,       48.000000
        0.103647,        0.141491,        5.000000,       48.000000
        0.108497,        0.143404,        5.000000,       48.000000
        0.116090,        0.145500,        5.000000,       48.000000
        0.133242,        0.147635,        5.000000,       48.000000
        0.151579,        0.150090,        5.000000,       48.000000
        0.166757,        0.153394,        5.000000,       48.000000
        0.181378,        0.160582,        5.000000,       48.000000
        0.187201,        0.179323,        5.000000,       48.000000
        0.190243,        0.216998,        5.000000,       48.000000
        0.193934,        0.274862,        5.000000,       48.000000
