      788.002700,        0.000000,        0.000000,        0.000000
     -199.353200,        0.000000,        0.000000,        0.000000
    -1676.758100,        0.000000,        0.000000,        0.000000
      -31.737100,        0.000000,        0.000000,        0.000000
     -932.468200,        0.000000,        0.000000,        0.000000
    -1675.639600,        0.000000,        0.000000,        0.000000
     -860.235900,        0.000000,        0.000000,        0.000000
     -138.386300,        0.000000,        0.000000,        0.000000
    -1668.392600,        0.000000,        0.000000,        0.000000
       -4.541000,        0.000000,        0.000000,        0.000000
      898.146200,        0.000000,        0.000000,        0.000000
    -1659.717000,        0.000000,        0.000000,        0.000000
        0.116576,        0.018368,        0.000000,        0.000000
        0.036800,        0.017196,        0.000000,        0.000000
        0.075360,        0.008811,        0.000000,        0.000000
        1.554700,        0.000000,        0.000000,        0.000000
       -1.269000,        0.000000,        0.000000,        0.000000
       23.729500,        0.000000,        0.000000,        0.000000
        1.618973,        0.655737,        1.000000,       71.000000
        4.187848,        0.360900,        1.000000,       71.000000
        6.692114,        0.238138,        1.000000,       71.000000
        8.922586,        0.238275,        1.000000,       71.000000
       10.373276,        0.252613,        1.000000,       71.000000
       10.661862,        0.252136,        1.000000,       71.000000
       10.327484,        0.234369,        1.000000,       71.000000
       10.000861,        0.223157,        1.000000,       71.000000
       10.146320,        0.207346,        1.000000,       71.000000
       10.473320,        0.201311,        1.000000,       71.000000
       10.991915,        0.204963,        1.000000,       71.000000
       11.344648,        0.204279,        1.000000,       71.000000
       11.754415,        0.202812,        1.000000,       71.000000
       12.382624,        0.211014,        1.000000,       71.000000
       13.146112,        0.222810,        1.000000,       71.000000
       13.235145,        0.229718,        1.000000,       71.000000
       12.091980,        0.237054,        1.000000,       71.000000
       10.576386,        0.227749,        1.000000,       71.000000
        9.592841,        0.224635,        1.000000,       71.000000
        9.261824,        0.227189,        1.000000,       71.000000
        8.627087,        0.223373,        1.000000,       71.000000
        6.947257,        0.220135,        1.000000,       71.000000
        4.864795,        0.213979,        1.000000,       71.000000
        3.319301,        0.204125,        1.000000,       71.000000
        2.574211,        0.200659,        1.000000,       71.000000
        2.586849,        0.202335,        1.000000,       71.000000
        2.987264,        0.202527,        1.000000,       71.000000
        2.916343,        0.205706,        1.000000,       71.000000
        1.817574,        0.216707,        1.000000,       71.000000
        0.107028,        0.230278,        1.000000,       71.000000
       -1.191615,        0.286689,        1.000000,       71.000000
       -2.062391,        0.437898,        1.000000,       71.000000
       -2.578304,        0.599087,        1.000000,       71.000000
       -2.603477,        0.599381,        1.000000,       71.000000
       -7.333693,        0.968971,        1.000000,       71.000000
       -7.355953,        0.970571,        1.000000,       71.000000
       -7.320932,        0.802735,        1.000000,       71.000000
       -7.246318,        0.588715,        1.000000,       71.000000
       -7.129348,        0.371680,        1.000000,       71.000000
       -6.972134,        0.251618,        1.000000,       71.000000
       -6.843004,        0.246396,        1.000000,       71.000000
       -7.025817,        0.275975,        1.000000,       71.000000
       -7.495599,        0.288921,        1.000000,       71.000000
       -7.947059,        0.253804,        1.000000,       71.000000
       -8.148393,        0.241282,        1.000000,       71.000000
       -8.111423,        0.230653,        1.000000,       71.000000
       -7.956227,        0.221822,        1.000000,       71.000000
       -7.803676,        0.205123,        1.000000,       71.000000
       -7.746246,        0.199395,        1.000000,       71.000000
       -7.731286,        0.199727,        1.000000,       71.000000
       -7.859147,        0.199706,        1.000000,       71.000000
       -8.146063,        0.203515,        1.000000,       71.000000
       -8.528826,        0.215320,        1.000000,       71.000000
       -8.995124,        0.227764,        1.000000,       71.000000
       -9.474738,        0.238980,        1.000000,       71.000000
       -9.865488,        0.239552,        1.000000,       71.000000
       -9.985976,        0.229929,        1.000000,       71.000000
       -9.804649,        0.224466,        1.000000,       71.000000
       -9.511169,        0.222901,        1.000000,       71.000000
       -9.406940,        0.224808,        1.000000,       71.000000
       -9.503842,        0.224689,        1.000000,       71.000000
       -9.586601,        0.216601,        1.000000,       71.000000
       -9.446643,        0.202708,        1.000000,       71.000000
       -8.906484,        0.203124,        1.000000,       71.000000
       -8.087194,        0.205886,        1.000000,       71.000000
       -7.201242,        0.203022,        1.000000,       71.000000
       -6.479392,        0.210372,        1.000000,       71.000000
       -5.895803,        0.226682,        1.000000,       71.000000
       -5.315143,        0.249603,        1.000000,       71.000000
       -4.641000,        0.379505,        1.000000,       71.000000
       -3.975854,        0.663634,        1.000000,       71.000000
       -1.712227,        0.662207,        2.000000,       71.000000
       -1.366048,        0.510853,        2.000000,       71.000000
       -1.020026,        0.382783,        2.000000,       71.000000
       -0.671896,        0.285846,        2.000000,       71.000000
       -0.323676,        0.226399,        2.000000,       71.000000
       -0.021589,        0.198985,        2.000000,       71.000000
        0.236188,        0.185164,        2.000000,       71.000000
        0.493640,        0.173397,        2.000000,       71.000000
        0.839361,        0.162234,        2.000000,       71.000000
        1.287870,        0.154968,        2.000000,       71.000000
        1.652383,        0.152126,        2.000000,       71.000000
        1.924134,        0.152930,        2.000000,       71.000000
        2.141110,        0.158959,        2.000000,       71.000000
        2.197285,        0.171731,        2.000000,       71.000000
        2.195802,        0.189949,        2.000000,       71.000000
        2.182868,        0.206815,        2.000000,       71.000000
        2.172457,        0.216155,        2.000000,       71.000000
        2.181451,        0.214568,        2.000000,       71.000000
        2.172596,        0.202432,        2.000000,       71.000000
        2.132353,        0.185807,        2.000000,       71.000000
        2.116880,        0.172005,        2.000000,       71.000000
        2.139024,        0.164546,        2.000000,       71.000000
        2.248211,        0.159079,        2.000000,       71.000000
        2.415849,        0.154224,        2.000000,       71.000000
        2.586741,        0.151235,        2.000000,       71.000000
        2.768298,        0.150448,        2.000000,       71.000000
        2.926637,        0.152628,        2.000000,       71.000000
        3.006229,        0.161177,        2.000000,       71.000000
        3.040580,        0.181219,        2.000000,       71.000000
        3.047160,        0.215631,        2.000000,       71.000000
        3.037116,        0.260576,        2.000000,       71.000000
        3.026411,        0.309932,        2.000000,       71.000000
        3.016353,        0.352910,        2.000000,       71.000000
        3.007184,        0.352196,        2.000000,       71.000000
        0.884429,        0.679585,        2.000000,       71.000000
        0.875215,        0.681833,        2.000000,       71.000000
        0.856639,        0.638541,        2.000000,       71.000000
        0.831143,        0.575847,        2.000000,       71.000000
        0.798009,        0.499687,        2.000000,       71.000000
        0.757460,        0.418904,        2.000000,       71.000000
        0.708996,        0.342034,        2.000000,       71.000000
        0.653084,        0.278214,        2.000000,       71.000000
        0.600069,        0.229645,        2.000000,       71.000000
        0.537112,        0.197369,        2.000000,       71.000000
        0.464209,        0.182515,        2.000000,       71.000000
        0.391310,        0.175844,        2.000000,       71.000000
        0.320593,        0.168017,        2.000000,       71.000000
        0.250657,        0.159122,        2.000000,       71.000000
        0.161818,        0.152240,        2.000000,       71.000000
        0.041295,        0.149597,        2.000000,       71.000000
       -0.081281,        0.151936,        2.000000,       71.000000
       -0.201542,        0.160661,        2.000000,       71.000000
       -0.311828,        0.176239,        2.000000,       71.000000
       -0.378791,        0.195066,        2.000000,       71.000000
       -0.399907,        0.209261,        2.000000,       71.000000
       -0.379315,        0.213468,        2.000000,       71.000000
       -0.323261,        0.205533,        2.000000,       71.000000
       -0.235656,        0.189337,        2.000000,       71.000000
       -0.134323,        0.173354,        2.000000,       71.000000
       -0.031457,        0.165543,        2.000000,       71.000000
        0.054620,        0.163422,        2.000000,       71.000000
        0.130484,        0.159759,        2.000000,       71.000000
        0.189304,        0.155371,        2.000000,       71.000000
        0.232332,        0.152100,        2.000000,       71.000000
        0.261334,        0.152058,        2.000000,       71.000000
        0.280706,        0.156187,        2.000000,       71.000000
        0.287277,        0.172928,        2.000000,       71.000000
        0.292042,        0.214443,        2.000000,       71.000000
        0.298258,        0.287727,        2.000000,       71.000000
        0.309781,        0.391894,        2.000000,       71.000000
        0.320994,        0.522816,        2.000000,       71.000000
        7.114081,        0.379052,        3.000000,       71.000000
        6.374697,        0.276825,        3.000000,       71.000000
        5.636316,        0.219905,        3.000000,       71.000000
        4.787473,        0.204902,        3.000000,       71.000000
        3.909580,        0.205555,        3.000000,       71.000000
        3.042487,        0.202774,        3.000000,       71.000000
        2.207883,        0.191485,        3.000000,       71.000000
        1.387815,        0.175917,        3.000000,       71.000000
        0.516204,        0.162474,        3.000000,       71.000000
       -0.213262,        0.154150,        3.000000,       71.000000
       -0.740122,        0.151155,        3.000000,       71.000000
       -1.220727,        0.151245,        3.000000,       71.000000
       -1.610983,        0.153890,        3.000000,       71.000000
       -2.020017,        0.160865,        3.000000,       71.000000
       -2.641800,        0.170849,        3.000000,       71.000000
       -3.483280,        0.178998,        3.000000,       71.000000
       -4.480860,        0.181038,        3.000000,       71.000000
       -5.567794,        0.180806,        3.000000,       71.000000
       -6.555143,        0.184632,        3.000000,       71.000000
       -7.308934,        0.189813,        3.000000,       71.000000
       -7.896052,        0.189568,        3.000000,       71.000000
       -8.275837,        0.181116,        3.000000,       71.000000
       -8.411990,        0.168509,        3.000000,       71.000000
       -8.316209,        0.157984,        3.000000,       71.000000
       -8.037084,        0.151448,        3.000000,       71.000000
       -7.615192,        0.148675,        3.000000,       71.000000
       -7.047785,        0.149838,        3.000000,       71.000000
       -6.279862,        0.159579,        3.000000,       71.000000
       -5.378719,        0.186607,        3.000000,       71.000000
       -4.569650,        0.234575,        3.000000,       71.000000
       -3.934104,        0.294767,        3.000000,       71.000000
       -3.499079,        0.353852,        3.000000,       71.000000
       -3.243458,        0.400105,        3.000000,       71.000000
       -3.231279,        0.399152,        3.000000,       71.000000
       -1.019621,        0.435904,        3.000000,       71.000000
       -1.008626,        0.437037,        3.000000,       71.000000
       -0.976215,        0.391388,        3.000000,       71.000000
       -0.926665,        0.332694,        3.000000,       71.000000
       -0.857418,        0.274229,        3.000000,       71.000000
       -0.769069,        0.236284,        3.000000,       71.000000
       -0.645146,        0.227380,        3.000000,       71.000000
       -0.487052,        0.233960,        3.000000,       71.000000
       -0.290361,        0.240538,        3.000000,       71.000000
       -0.070306,        0.237123,        3.000000,       71.000000
        0.159094,        0.221451,        3.000000,       71.000000
        0.384542,        0.197943,        3.000000,       71.000000
        0.587948,        0.174107,        3.000000,       71.000000
        0.761223,        0.157371,        3.000000,       71.000000
        0.915612,        0.148918,        3.000000,       71.000000
        1.025785,        0.146339,        3.000000,       71.000000
        1.080466,        0.148774,        3.000000,       71.000000
        1.099238,        0.155600,        3.000000,       71.000000
        1.069920,        0.166535,        3.000000,       71.000000
        0.992450,        0.178704,        3.000000,       71.000000
        0.885183,        0.185903,        3.000000,       71.000000
        0.751670,        0.187076,        3.000000,       71.000000
        0.602113,        0.188084,        3.000000,       71.000000
        0.420820,        0.191957,        3.000000,       71.000000
        0.235076,        0.194087,        3.000000,       71.000000
        0.061204,        0.189588,        3.000000,       71.000000
       -0.096980,        0.178754,        3.000000,       71.000000
       -0.236568,        0.166746,        3.000000,       71.000000
       -0.360196,        0.158186,        3.000000,       71.000000
       -0.452422,        0.154900,        3.000000,       71.000000
       -0.533263,        0.153649,        3.000000,       71.000000
       -0.637359,        0.155330,        3.000000,       71.000000
       -0.779032,        0.169875,        3.000000,       71.000000
       -0.950835,        0.213608,        3.000000,       71.000000
       -1.130091,        0.294739,        3.000000,       71.000000
       -1.309585,        0.408186,        3.000000,       71.000000
       -1.489115,        0.547005,        3.000000,       71.000000
       -0.326329,        0.346113,        4.000000,       71.000000
       -0.314458,        0.244917,        4.000000,       71.000000
       -0.302554,        0.185681,        4.000000,       71.000000
       -0.291250,        0.164703,        4.000000,       71.000000
       -0.274208,        0.161646,        4.000000,       71.000000
       -0.235189,        0.159886,        4.000000,       71.000000
       -0.183285,        0.152684,        4.000000,       71.000000
       -0.126030,        0.143063,        4.000000,       71.000000
       -0.069022,        0.134335,        4.000000,       71.000000
       -0.029522,        0.130088,        4.000000,       71.000000
        0.014259,        0.130008,        4.000000,       71.000000
        0.051941,        0.130428,        4.000000,       71.000000
        0.048419,        0.131952,        4.000000,       71.000000
        0.027649,        0.137393,        4.000000,       71.000000
        0.000604,        0.145451,        4.000000,       71.000000
       -0.026574,        0.152365,        4.000000,       71.000000
       -0.049224,        0.156525,        4.000000,       71.000000
       -0.059869,        0.156214,        4.000000,       71.000000
       -0.060000,        0.154130,        4.000000,       71.000000
       -0.035293,        0.151739,        4.000000,       71.000000
        0.002988,        0.147849,        4.000000,       71.000000
        0.044383,        0.142809,        4.000000,       71.000000
        0.081519,        0.137007,        4.000000,       71.000000
        0.110215,        0.132701,        4.000000,       71.000000
        0.153706,        0.130731,        4.000000,       71.000000
        0.181723,        0.130640,        4.000000,       71.000000
        0.185349,        0.131226,        4.000000,       71.000000
        0.202282,        0.132792,        4.000000,       71.000000
        0.217766,        0.139754,        4.000000,       71.000000
        0.202738,        0.158877,        4.000000,       71.000000
        0.161297,        0.194109,        4.000000,       71.000000
        0.124303,        0.242742,        4.000000,       71.000000
        0.104700,        0.287936,        4.000000,       71.000000
        0.104378,        0.287576,        4.000000,       71.000000
        0.080385,        0.413636,        4.000000,       71.000000
        0.080163,        0.414621,        4.000000,       71.000000
        0.078709,        0.367496,        4.000000,       71.000000
        0.076189,        0.306354,        4.000000,       71.000000
        0.072624,        0.243153,        4.000000,       71.000000
        0.067329,        0.196849,        4.000000,       71.000000
        0.061812,        0.176438,        4.000000,       71.000000
        0.057205,        0.173160,        4.000000,       71.000000
        0.048105,        0.172458,        4.000000,       71.000000
        0.035275,        0.165965,        4.000000,       71.000000
        0.015508,        0.158111,        4.000000,       71.000000
       -0.012663,        0.149015,        4.000000,       71.000000
       -0.047535,        0.140097,        4.000000,       71.000000
       -0.078282,        0.133558,        4.000000,       71.000000
       -0.125618,        0.130427,        4.000000,       71.000000
       -0.174944,        0.129729,        4.000000,       71.000000
       -0.216825,        0.130949,        4.000000,       71.000000
       -0.252505,        0.134110,        4.000000,       71.000000
       -0.291633,        0.140206,        4.000000,       71.000000
       -0.315902,        0.148572,        4.000000,       71.000000
       -0.312598,        0.155401,        4.000000,       71.000000
       -0.287366,        0.158305,        4.000000,       71.000000
       -0.252176,        0.156824,        4.000000,       71.000000
       -0.219623,        0.153415,        4.000000,       71.000000
       -0.212012,        0.149775,        4.000000,       71.000000
       -0.222696,        0.146266,        4.000000,       71.000000
       -0.229490,        0.142218,        4.000000,       71.000000
       -0.232429,        0.136834,        4.000000,       71.000000
       -0.222522,        0.132476,        4.000000,       71.000000
       -0.203934,        0.131826,        4.000000,       71.000000
       -0.204807,        0.132989,        4.000000,       71.000000
       -0.213133,        0.133944,        4.000000,       71.000000
       -0.227655,        0.138300,        4.000000,       71.000000
       -0.267909,        0.151689,        4.000000,       71.000000
       -0.319967,        0.186015,        4.000000,       71.000000
       -0.370149,        0.256238,        4.000000,       71.000000
       -0.419387,        0.363017,        4.000000,       71.000000
        1.218606,        0.328781,        5.000000,       71.000000
        1.206980,        0.227028,        5.000000,       71.000000
        1.197430,        0.168194,        5.000000,       71.000000
        1.132384,        0.149658,        5.000000,       71.000000
        1.007252,        0.148831,        5.000000,       71.000000
        0.823790,        0.148689,        5.000000,       71.000000
        0.638944,        0.142356,        5.000000,       71.000000
        0.488169,        0.133327,        5.000000,       71.000000
        0.357320,        0.125610,        5.000000,       71.000000
        0.275713,        0.121831,        5.000000,       71.000000
        0.198928,        0.121007,        5.000000,       71.000000
        0.059674,        0.121131,        5.000000,       71.000000
       -0.039760,        0.121806,        5.000000,       71.000000
       -0.019815,        0.124911,        5.000000,       71.000000
       -0.022646,        0.131174,        5.000000,       71.000000
       -0.068404,        0.137350,        5.000000,       71.000000
       -0.199158,        0.141518,        5.000000,       71.000000
       -0.437482,        0.142370,        5.000000,       71.000000
       -0.728193,        0.141925,        5.000000,       71.000000
       -0.995519,        0.140665,        5.000000,       71.000000
       -1.187159,        0.137874,        5.000000,       71.000000
       -1.223658,        0.133679,        5.000000,       71.000000
       -1.182569,        0.128337,        5.000000,       71.000000
       -1.106847,        0.123233,        5.000000,       71.000000
       -1.022731,        0.120873,        5.000000,       71.000000
       -0.955092,        0.121067,        5.000000,       71.000000
       -0.885877,        0.121275,        5.000000,       71.000000
       -0.779378,        0.122986,        5.000000,       71.000000
       -0.640771,        0.130040,        5.000000,       71.000000
       -0.504222,        0.146887,        5.000000,       71.000000
       -0.373217,        0.179332,        5.000000,       71.000000
       -0.280041,        0.226759,        5.000000,       71.000000
       -0.226853,        0.272124,        5.000000,       71.000000
       -0.226278,        0.271807,        5.000000,       71.000000
       -0.208849,        0.399031,        5.000000,       71.000000
       -0.208617,        0.399972,        5.000000,       71.000000
       -0.219713,        0.352226,        5.000000,       71.000000
       -0.238949,        0.290530,        5.000000,       71.000000
       -0.266751,        0.227180,        5.000000,       71.000000
       -0.303765,        0.182298,        5.000000,       71.000000
       -0.344756,        0.163888,        5.000000,       71.000000
       -0.365524,        0.161782,        5.000000,       71.000000
       -0.358730,        0.161778,        5.000000,       71.000000
       -0.329414,        0.155380,        5.000000,       71.000000
       -0.268976,        0.147914,        5.000000,       71.000000
       -0.188594,        0.139480,        5.000000,       71.000000
       -0.111658,        0.131164,        5.000000,       71.000000
       -0.058392,        0.124075,        5.000000,       71.000000
        0.003865,        0.120729,        5.000000,       71.000000
        0.056906,        0.120170,        5.000000,       71.000000
        0.087496,        0.120373,        5.000000,       71.000000
        0.090109,        0.123041,        5.000000,       71.000000
        0.077847,        0.129342,        5.000000,       71.000000
        0.069585,        0.137164,        5.000000,       71.000000
        0.047908,        0.143645,        5.000000,       71.000000
        0.012143,        0.146242,        5.000000,       71.000000
       -0.018496,        0.144783,        5.000000,       71.000000
       -0.041311,        0.142619,        5.000000,       71.000000
       -0.049535,        0.140344,        5.000000,       71.000000
       -0.037705,        0.137519,        5.000000,       71.000000
       -0.023269,        0.133223,        5.000000,       71.000000
       -0.020114,        0.127745,        5.000000,       71.000000
       -0.041126,        0.123831,        5.000000,       71.000000
       -0.080286,        0.122713,        5.000000,       71.000000
       -0.111140,        0.123579,        5.000000,       71.000000
       -0.094861,        0.124205,        5.000000,       71.000000
        0.010397,        0.126505,        5.000000,       71.000000
        0.184686,        0.136367,        5.000000,       71.000000
        0.378396,        0.165987,        5.000000,       71.000000
        0.566491,        0.231782,        5.000000,       71.000000
        0.755415,        0.335748,        5.000000,       71.000000
