      788.002700,        0.000000,        0.000000,        0.000000
     -199.353200,        0.000000,        0.000000,        0.000000
    -1676.758100,        0.000000,        0.000000,        0.000000
      -31.737100,        0.000000,        0.000000,        0.000000
     -932.468200,        0.000000,        0.000000,        0.000000
    -1675.639600,        0.000000,        0.000000,        0.000000
     -860.235900,        0.000000,        0.000000,        0.000000
     -138.386300,        0.000000,        0.000000,        0.000000
    -1668.392600,        0.000000,        0.000000,        0.000000
       -4.541000,        0.000000,        0.000000,        0.000000
      898.146200,        0.000000,        0.000000,        0.000000
    -1659.717000,        0.000000,        0.000000,        0.000000
        0.003396,        0.011924,        0.000000,        0.000000
        0.002029,        0.011689,        0.000000,        0.000000
       -0.001895,        0.006291,        0.000000,        0.000000
        1.554700,        0.000000,        0.000000,        0.000000
       -1.269000,        0.000000,        0.000000,        0.000000
       23.729500,        0.000000,        0.000000,        0.000000
       -0.246853,        0.412283,        1.000000,       53.000000
       -0.666713,        0.223489,        1.000000,       53.000000
       -1.092093,        0.150234,        1.000000,       53.000000
       -1.526025,        0.140090,        1.000000,       53.000000
       -1.998342,        0.137651,        1.000000,       53.000000
       -2.494970,        0.138443,        1.000000,       53.000000
       -2.941069,        0.142229,        1.000000,       53.000000
       -3.232475,        0.142032,        1.000000,       53.000000
       -3.266741,        0.132413,        1.000000,       53.000000
       -3.008364,        0.133101,        1.000000,       53.000000
       -2.477999,        0.138392,        1.000000,       53.000000
       -1.771692,        0.134083,        1.000000,       53.000000
       -0.883047,        0.137695,        1.000000,       53.000000
        0.167612,        0.148378,        1.000000,       53.000000
        1.280232,        0.159992,        1.000000,       53.000000
        2.160283,        0.219010,        1.000000,       53.000000
        2.706894,        0.334551,        1.000000,       53.000000
        2.969499,        0.442452,        1.000000,       53.000000
        2.852514,        0.442564,        1.000000,       53.000000
       -6.492418,        0.667963,        1.000000,       53.000000
       -6.614150,        0.671675,        1.000000,       53.000000
       -6.629616,        0.563455,        1.000000,       53.000000
       -6.557099,        0.421207,        1.000000,       53.000000
       -6.387792,        0.269885,        1.000000,       53.000000
       -6.106583,        0.163485,        1.000000,       53.000000
       -5.789791,        0.141872,        1.000000,       53.000000
       -5.516870,        0.141224,        1.000000,       53.000000
       -5.459967,        0.138158,        1.000000,       53.000000
       -5.367553,        0.138434,        1.000000,       53.000000
       -5.138188,        0.142067,        1.000000,       53.000000
       -4.438068,        0.143151,        1.000000,       53.000000
       -3.456347,        0.133853,        1.000000,       53.000000
       -2.132552,        0.131949,        1.000000,       53.000000
       -0.845850,        0.135110,        1.000000,       53.000000
        0.202216,        0.133363,        1.000000,       53.000000
        0.792902,        0.133412,        1.000000,       53.000000
        1.096783,        0.140899,        1.000000,       53.000000
        1.221872,        0.148741,        1.000000,       53.000000
        1.150634,        0.151302,        1.000000,       53.000000
        0.916164,        0.143753,        1.000000,       53.000000
        0.688386,        0.136045,        1.000000,       53.000000
        0.389537,        0.134096,        1.000000,       53.000000
        0.045291,        0.135411,        1.000000,       53.000000
       -0.264199,        0.140265,        1.000000,       53.000000
       -0.610696,        0.138064,        1.000000,       53.000000
       -1.248803,        0.130971,        1.000000,       53.000000
       -2.112802,        0.130780,        1.000000,       53.000000
       -2.997787,        0.131360,        1.000000,       53.000000
       -3.805911,        0.135584,        1.000000,       53.000000
       -4.712450,        0.146866,        1.000000,       53.000000
       -5.640853,        0.162242,        1.000000,       53.000000
       -6.518585,        0.245136,        1.000000,       53.000000
       -7.397621,        0.432834,        1.000000,       53.000000
       -0.226831,        0.369133,        2.000000,       53.000000
       -0.239201,        0.270452,        2.000000,       53.000000
       -0.251455,        0.187119,        2.000000,       53.000000
       -0.264239,        0.125971,        2.000000,       53.000000
       -0.272520,        0.093663,        2.000000,       53.000000
       -0.265787,        0.090092,        2.000000,       53.000000
       -0.264417,        0.098173,        2.000000,       53.000000
       -0.252635,        0.102436,        2.000000,       53.000000
       -0.212797,        0.101533,        2.000000,       53.000000
       -0.139874,        0.099684,        2.000000,       53.000000
       -0.043500,        0.099375,        2.000000,       53.000000
        0.066835,        0.101456,        2.000000,       53.000000
        0.182016,        0.111752,        2.000000,       53.000000
        0.299686,        0.135077,        2.000000,       53.000000
        0.410468,        0.169723,        2.000000,       53.000000
        0.500474,        0.209960,        2.000000,       53.000000
        0.567403,        0.248316,        2.000000,       53.000000
        0.613726,        0.277399,        2.000000,       53.000000
        0.632231,        0.275482,        2.000000,       53.000000
        1.898030,        0.382612,        2.000000,       53.000000
        1.915768,        0.386214,        2.000000,       53.000000
        1.917324,        0.357441,        2.000000,       53.000000
        1.907150,        0.314668,        2.000000,       53.000000
        1.884298,        0.261896,        2.000000,       53.000000
        1.848875,        0.205149,        2.000000,       53.000000
        1.802055,        0.150873,        2.000000,       53.000000
        1.738617,        0.108093,        2.000000,       53.000000
        1.666942,        0.087393,        2.000000,       53.000000
        1.615025,        0.088943,        2.000000,       53.000000
        1.605856,        0.098041,        2.000000,       53.000000
        1.608351,        0.102292,        2.000000,       53.000000
        1.590896,        0.101647,        2.000000,       53.000000
        1.523411,        0.099638,        2.000000,       53.000000
        1.386651,        0.099029,        2.000000,       53.000000
        1.204356,        0.100280,        2.000000,       53.000000
        1.031401,        0.104806,        2.000000,       53.000000
        0.882293,        0.112748,        2.000000,       53.000000
        0.730648,        0.120738,        2.000000,       53.000000
        0.573158,        0.123006,        2.000000,       53.000000
        0.421071,        0.116856,        2.000000,       53.000000
        0.288572,        0.104222,        2.000000,       53.000000
        0.180952,        0.092366,        2.000000,       53.000000
        0.089665,        0.089877,        2.000000,       53.000000
        0.054954,        0.094340,        2.000000,       53.000000
        0.056771,        0.097421,        2.000000,       53.000000
        0.068169,        0.097911,        2.000000,       53.000000
        0.100270,        0.097721,        2.000000,       53.000000
        0.162646,        0.099559,        2.000000,       53.000000
        0.293213,        0.108688,        2.000000,       53.000000
        0.489634,        0.133761,        2.000000,       53.000000
        0.700825,        0.180833,        2.000000,       53.000000
        0.917662,        0.249211,        2.000000,       53.000000
        1.133490,        0.335886,        2.000000,       53.000000
        0.403049,        0.238265,        3.000000,       53.000000
        0.341380,        0.167634,        3.000000,       53.000000
        0.279991,        0.127285,        3.000000,       53.000000
        0.211606,        0.118021,        3.000000,       53.000000
        0.139699,        0.119694,        3.000000,       53.000000
        0.074050,        0.119018,        3.000000,       53.000000
        0.027470,        0.114074,        3.000000,       53.000000
       -0.009134,        0.107332,        3.000000,       53.000000
       -0.034630,        0.101988,        3.000000,       53.000000
       -0.019783,        0.099792,        3.000000,       53.000000
        0.039547,        0.099533,        3.000000,       53.000000
        0.126475,        0.100712,        3.000000,       53.000000
        0.225774,        0.108812,        3.000000,       53.000000
        0.308589,        0.130695,        3.000000,       53.000000
        0.362430,        0.166416,        3.000000,       53.000000
        0.392351,        0.208650,        3.000000,       53.000000
        0.402869,        0.248321,        3.000000,       53.000000
        0.395450,        0.278006,        3.000000,       53.000000
        0.365308,        0.275957,        3.000000,       53.000000
       -1.869152,        0.281209,        3.000000,       53.000000
       -1.899107,        0.283313,        3.000000,       53.000000
       -1.895477,        0.252699,        3.000000,       53.000000
       -1.866376,        0.211177,        3.000000,       53.000000
       -1.807695,        0.166108,        3.000000,       53.000000
       -1.724040,        0.129986,        3.000000,       53.000000
       -1.591149,        0.114411,        3.000000,       53.000000
       -1.391925,        0.115096,        3.000000,       53.000000
       -1.131982,        0.118539,        3.000000,       53.000000
       -0.843652,        0.117370,        3.000000,       53.000000
       -0.547796,        0.112369,        3.000000,       53.000000
       -0.286132,        0.105725,        3.000000,       53.000000
       -0.097366,        0.100736,        3.000000,       53.000000
        0.004218,        0.098229,        3.000000,       53.000000
        0.036737,        0.097642,        3.000000,       53.000000
        0.051450,        0.098413,        3.000000,       53.000000
        0.079067,        0.100308,        3.000000,       53.000000
        0.100461,        0.103935,        3.000000,       53.000000
        0.104312,        0.107577,        3.000000,       53.000000
        0.086863,        0.107159,        3.000000,       53.000000
        0.036731,        0.104549,        3.000000,       53.000000
       -0.017335,        0.105681,        3.000000,       53.000000
       -0.064066,        0.109317,        3.000000,       53.000000
       -0.126705,        0.110279,        3.000000,       53.000000
       -0.216200,        0.107238,        3.000000,       53.000000
       -0.321334,        0.102877,        3.000000,       53.000000
       -0.436659,        0.099792,        3.000000,       53.000000
       -0.537596,        0.098285,        3.000000,       53.000000
       -0.617420,        0.098696,        3.000000,       53.000000
       -0.688350,        0.106220,        3.000000,       53.000000
       -0.718147,        0.131806,        3.000000,       53.000000
       -0.728098,        0.182915,        3.000000,       53.000000
       -0.736023,        0.256473,        3.000000,       53.000000
       -0.743631,        0.347546,        3.000000,       53.000000
       -0.235039,        0.219460,        4.000000,       53.000000
       -0.172883,        0.149715,        4.000000,       53.000000
       -0.110998,        0.106260,        4.000000,       53.000000
       -0.042732,        0.089275,        4.000000,       53.000000
        0.027486,        0.085442,        4.000000,       53.000000
        0.087239,        0.085510,        4.000000,       53.000000
        0.129184,        0.086492,        4.000000,       53.000000
        0.143992,        0.086413,        4.000000,       53.000000
        0.140681,        0.085091,        4.000000,       53.000000
        0.143013,        0.085219,        4.000000,       53.000000
        0.141388,        0.086258,        4.000000,       53.000000
        0.132946,        0.086172,        4.000000,       53.000000
        0.127587,        0.088536,        4.000000,       53.000000
        0.128076,        0.097462,        4.000000,       53.000000
        0.113628,        0.115770,        4.000000,       53.000000
        0.096992,        0.145520,        4.000000,       53.000000
        0.086418,        0.181131,        4.000000,       53.000000
        0.080010,        0.211163,        4.000000,       53.000000
        0.079532,        0.210217,        4.000000,       53.000000
        0.062361,        0.274383,        4.000000,       53.000000
        0.061944,        0.276370,        4.000000,       53.000000
        0.059228,        0.245434,        4.000000,       53.000000
        0.054595,        0.203381,        4.000000,       53.000000
        0.048105,        0.156949,        4.000000,       53.000000
        0.038597,        0.116828,        4.000000,       53.000000
        0.031068,        0.093259,        4.000000,       53.000000
        0.039536,        0.084691,        4.000000,       53.000000
        0.063481,        0.083270,        4.000000,       53.000000
        0.083064,        0.084100,        4.000000,       53.000000
        0.084835,        0.085507,        4.000000,       53.000000
        0.070758,        0.085630,        4.000000,       53.000000
        0.044884,        0.084856,        4.000000,       53.000000
        0.019983,        0.084647,        4.000000,       53.000000
       -0.007602,        0.085419,        4.000000,       53.000000
       -0.027153,        0.086192,        4.000000,       53.000000
       -0.050964,        0.087568,        4.000000,       53.000000
       -0.072849,        0.090706,        4.000000,       53.000000
       -0.082784,        0.094302,        4.000000,       53.000000
       -0.083402,        0.095251,        4.000000,       53.000000
       -0.087476,        0.092501,        4.000000,       53.000000
       -0.100635,        0.088839,        4.000000,       53.000000
       -0.120301,        0.086585,        4.000000,       53.000000
       -0.147548,        0.085973,        4.000000,       53.000000
       -0.165298,        0.086004,        4.000000,       53.000000
       -0.174757,        0.085301,        4.000000,       53.000000
       -0.176951,        0.084754,        4.000000,       53.000000
       -0.167747,        0.085059,        4.000000,       53.000000
       -0.150969,        0.085934,        4.000000,       53.000000
       -0.126054,        0.087842,        4.000000,       53.000000
       -0.111618,        0.094761,        4.000000,       53.000000
       -0.094677,        0.115540,        4.000000,       53.000000
       -0.065457,        0.160509,        4.000000,       53.000000
       -0.037933,        0.230806,        4.000000,       53.000000
       -0.115221,        0.206102,        5.000000,       53.000000
       -0.099384,        0.136779,        5.000000,       53.000000
       -0.084505,        0.095070,        5.000000,       53.000000
       -0.064240,        0.082299,        5.000000,       53.000000
       -0.047941,        0.081637,        5.000000,       53.000000
       -0.028075,        0.082672,        5.000000,       53.000000
        0.008929,        0.083476,        5.000000,       53.000000
        0.046765,        0.082696,        5.000000,       53.000000
        0.079632,        0.081016,        5.000000,       53.000000
        0.078993,        0.080593,        5.000000,       53.000000
        0.038989,        0.081099,        5.000000,       53.000000
       -0.011235,        0.080672,        5.000000,       53.000000
       -0.057563,        0.081759,        5.000000,       53.000000
       -0.069287,        0.088480,        5.000000,       53.000000
       -0.048914,        0.104519,        5.000000,       53.000000
       -0.035624,        0.132782,        5.000000,       53.000000
       -0.029525,        0.168348,        5.000000,       53.000000
       -0.027967,        0.198836,        5.000000,       53.000000
       -0.032866,        0.197984,        5.000000,       53.000000
       -0.407403,        0.262821,        5.000000,       53.000000
       -0.412243,        0.264720,        5.000000,       53.000000
       -0.407343,        0.233457,        5.000000,       53.000000
       -0.394988,        0.191344,        5.000000,       53.000000
       -0.374281,        0.145453,        5.000000,       53.000000
       -0.345466,        0.107384,        5.000000,       53.000000
       -0.307484,        0.086992,        5.000000,       53.000000
       -0.267040,        0.080285,        5.000000,       53.000000
       -0.240534,        0.079821,        5.000000,       53.000000
       -0.219899,        0.080736,        5.000000,       53.000000
       -0.207059,        0.082219,        5.000000,       53.000000
       -0.204318,        0.081864,        5.000000,       53.000000
       -0.226830,        0.079865,        5.000000,       53.000000
       -0.249652,        0.079104,        5.000000,       53.000000
       -0.234556,        0.079658,        5.000000,       53.000000
       -0.183619,        0.079585,        5.000000,       53.000000
       -0.132834,        0.080659,        5.000000,       53.000000
       -0.097558,        0.084153,        5.000000,       53.000000
       -0.092632,        0.087806,        5.000000,       53.000000
       -0.102970,        0.089093,        5.000000,       53.000000
       -0.109803,        0.087125,        5.000000,       53.000000
       -0.100534,        0.084271,        5.000000,       53.000000
       -0.091289,        0.082386,        5.000000,       53.000000
       -0.102025,        0.082087,        5.000000,       53.000000
       -0.123248,        0.082104,        5.000000,       53.000000
       -0.150018,        0.080844,        5.000000,       53.000000
       -0.183512,        0.079346,        5.000000,       53.000000
       -0.221963,        0.079410,        5.000000,       53.000000
       -0.249907,        0.079989,        5.000000,       53.000000
       -0.273138,        0.081838,        5.000000,       53.000000
       -0.277311,        0.088644,        5.000000,       53.000000
       -0.257715,        0.107531,        5.000000,       53.000000
       -0.240563,        0.150541,        5.000000,       53.000000
       -0.220687,        0.219407,        5.000000,       53.000000
