      788.002700,        0.000000,        0.000000,        0.000000
     -199.353200,        0.000000,        0.000000,        0.000000
    -1676.758100,        0.000000,        0.000000,        0.000000
      -31.737100,        0.000000,        0.000000,        0.000000
     -932.468200,        0.000000,        0.000000,        0.000000
    -1675.639600,        0.000000,        0.000000,        0.000000
     -860.235900,        0.000000,        0.000000,        0.000000
     -138.386300,        0.000000,        0.000000,        0.000000
    -1668.392600,        0.000000,        0.000000,        0.000000
       -4.541000,        0.000000,        0.000000,        0.000000
      898.146200,        0.000000,        0.000000,        0.000000
    -1659.717000,        0.000000,        0.000000,        0.000000
        0.041913,        0.012369,        0.000000,        0.000000
       -0.011890,        0.011677,        0.000000,        0.000000
        0.006015,        0.006051,        0.000000,        0.000000
        1.554700,        0.000000,        0.000000,        0.000000
       -1.269000,        0.000000,        0.000000,        0.000000
       23.729500,        0.000000,        0.000000,        0.000000
       -0.406842,        0.386168,        1.000000,       48.000000
       -0.264156,        0.213682,        1.000000,       48.000000
       -0.113538,        0.142698,        1.000000,       48.000000
       -0.051469,        0.139029,        1.000000,       48.000000
       -0.190305,        0.140600,        1.000000,       48.000000
       -0.491297,        0.140567,        1.000000,       48.000000
       -0.836793,        0.138542,        1.000000,       48.000000
       -0.873177,        0.133707,        1.000000,       48.000000
       -0.612722,        0.122335,        1.000000,       48.000000
       -0.218124,        0.119895,        1.000000,       48.000000
       -0.298965,        0.120973,        1.000000,       48.000000
       -0.713136,        0.119979,        1.000000,       48.000000
       -1.272388,        0.123960,        1.000000,       48.000000
       -1.729507,        0.132302,        1.000000,       48.000000
       -2.296060,        0.138230,        1.000000,       48.000000
       -2.783229,        0.145858,        1.000000,       48.000000
       -3.139151,        0.144509,        1.000000,       48.000000
       -3.627253,        0.141180,        1.000000,       48.000000
       -4.260174,        0.139119,        1.000000,       48.000000
       -4.833649,        0.140761,        1.000000,       48.000000
       -5.284445,        0.140954,        1.000000,       48.000000
       -5.479864,        0.139930,        1.000000,       48.000000
       -5.410065,        0.135099,        1.000000,       48.000000
       -5.195394,        0.127329,        1.000000,       48.000000
       -5.004665,        0.121505,        1.000000,       48.000000
       -4.947615,        0.121892,        1.000000,       48.000000
       -4.772652,        0.123041,        1.000000,       48.000000
       -4.361215,        0.121249,        1.000000,       48.000000
       -3.823921,        0.122405,        1.000000,       48.000000
       -3.423693,        0.129029,        1.000000,       48.000000
       -3.330126,        0.136142,        1.000000,       48.000000
       -3.370268,        0.143440,        1.000000,       48.000000
       -3.536327,        0.141004,        1.000000,       48.000000
       -3.641769,        0.137917,        1.000000,       48.000000
       -3.697144,        0.136014,        1.000000,       48.000000
       -3.834481,        0.134019,        1.000000,       48.000000
       -3.994631,        0.133834,        1.000000,       48.000000
       -4.344376,        0.132817,        1.000000,       48.000000
       -4.878265,        0.127506,        1.000000,       48.000000
       -5.256309,        0.120301,        1.000000,       48.000000
       -5.315785,        0.119414,        1.000000,       48.000000
       -5.178648,        0.119238,        1.000000,       48.000000
       -5.092447,        0.121020,        1.000000,       48.000000
       -5.113875,        0.129838,        1.000000,       48.000000
       -5.206248,        0.139800,        1.000000,       48.000000
       -5.237192,        0.150770,        1.000000,       48.000000
       -5.217719,        0.224213,        1.000000,       48.000000
       -5.198384,        0.391700,        1.000000,       48.000000
       -0.602766,        0.379643,        2.000000,       48.000000
       -0.398118,        0.289706,        2.000000,       48.000000
       -0.193957,        0.213463,        2.000000,       48.000000
        0.012265,        0.155858,        2.000000,       48.000000
        0.207861,        0.121415,        2.000000,       48.000000
        0.380931,        0.108265,        2.000000,       48.000000
        0.540219,        0.105137,        2.000000,       48.000000
        0.667040,        0.101848,        2.000000,       48.000000
        0.707628,        0.097218,        2.000000,       48.000000
        0.597847,        0.093372,        2.000000,       48.000000
        0.312408,        0.092337,        2.000000,       48.000000
       -0.082258,        0.094782,        2.000000,       48.000000
       -0.503059,        0.101806,        2.000000,       48.000000
       -0.850834,        0.113120,        2.000000,       48.000000
       -1.086066,        0.125263,        2.000000,       48.000000
       -1.204794,        0.134116,        2.000000,       48.000000
       -1.229456,        0.137041,        2.000000,       48.000000
       -1.185661,        0.132995,        2.000000,       48.000000
       -1.098679,        0.124409,        2.000000,       48.000000
       -0.988956,        0.115259,        2.000000,       48.000000
       -0.881171,        0.109367,        2.000000,       48.000000
       -0.798509,        0.106407,        2.000000,       48.000000
       -0.737177,        0.102951,        2.000000,       48.000000
       -0.683206,        0.098208,        2.000000,       48.000000
       -0.624562,        0.094408,        2.000000,       48.000000
       -0.553713,        0.092018,        2.000000,       48.000000
       -0.460662,        0.091597,        2.000000,       48.000000
       -0.382932,        0.092905,        2.000000,       48.000000
       -0.306168,        0.097172,        2.000000,       48.000000
       -0.220830,        0.105476,        2.000000,       48.000000
       -0.128093,        0.115977,        2.000000,       48.000000
       -0.035921,        0.123667,        2.000000,       48.000000
        0.047758,        0.125037,        2.000000,       48.000000
        0.120368,        0.119195,        2.000000,       48.000000
        0.176601,        0.109243,        2.000000,       48.000000
        0.223642,        0.099799,        2.000000,       48.000000
        0.257190,        0.095338,        2.000000,       48.000000
        0.280775,        0.095258,        2.000000,       48.000000
        0.320999,        0.093971,        2.000000,       48.000000
        0.398782,        0.091898,        2.000000,       48.000000
        0.491547,        0.090398,        2.000000,       48.000000
        0.550257,        0.091129,        2.000000,       48.000000
        0.579733,        0.094892,        2.000000,       48.000000
        0.573624,        0.106235,        2.000000,       48.000000
        0.571308,        0.132267,        2.000000,       48.000000
        0.589890,        0.176486,        2.000000,       48.000000
        0.611676,        0.238529,        2.000000,       48.000000
        0.633472,        0.316316,        2.000000,       48.000000
        1.461879,        0.226536,        3.000000,       48.000000
        1.451313,        0.165950,        3.000000,       48.000000
        1.440564,        0.132097,        3.000000,       48.000000
        1.423268,        0.122995,        3.000000,       48.000000
        1.391037,        0.122988,        3.000000,       48.000000
        1.332290,        0.120781,        3.000000,       48.000000
        1.240078,        0.113706,        3.000000,       48.000000
        1.110824,        0.104129,        3.000000,       48.000000
        0.979756,        0.095714,        3.000000,       48.000000
        0.894968,        0.091109,        3.000000,       48.000000
        0.855611,        0.089651,        3.000000,       48.000000
        0.856866,        0.090906,        3.000000,       48.000000
        0.870853,        0.094991,        3.000000,       48.000000
        0.883016,        0.101694,        3.000000,       48.000000
        0.904331,        0.108785,        3.000000,       48.000000
        0.918495,        0.112688,        3.000000,       48.000000
        0.912558,        0.113689,        3.000000,       48.000000
        0.880310,        0.115927,        3.000000,       48.000000
        0.808225,        0.120380,        3.000000,       48.000000
        0.709220,        0.123626,        3.000000,       48.000000
        0.596440,        0.122426,        3.000000,       48.000000
        0.484653,        0.115835,        3.000000,       48.000000
        0.390317,        0.106547,        3.000000,       48.000000
        0.340111,        0.098275,        3.000000,       48.000000
        0.353109,        0.093038,        3.000000,       48.000000
        0.448963,        0.091224,        3.000000,       48.000000
        0.587211,        0.090876,        3.000000,       48.000000
        0.733858,        0.091795,        3.000000,       48.000000
        0.858120,        0.095001,        3.000000,       48.000000
        0.912261,        0.100570,        3.000000,       48.000000
        0.884357,        0.106431,        3.000000,       48.000000
        0.807077,        0.109197,        3.000000,       48.000000
        0.725053,        0.109698,        3.000000,       48.000000
        0.683053,        0.111691,        3.000000,       48.000000
        0.683643,        0.114769,        3.000000,       48.000000
        0.721974,        0.115609,        3.000000,       48.000000
        0.785322,        0.111778,        3.000000,       48.000000
        0.858965,        0.104747,        3.000000,       48.000000
        0.908855,        0.097350,        3.000000,       48.000000
        0.917195,        0.092030,        3.000000,       48.000000
        0.896362,        0.089263,        3.000000,       48.000000
        0.848249,        0.088060,        3.000000,       48.000000
        0.786680,        0.090475,        3.000000,       48.000000
        0.714657,        0.101443,        3.000000,       48.000000
        0.616919,        0.129291,        3.000000,       48.000000
        0.523753,        0.178020,        3.000000,       48.000000
        0.431742,        0.245276,        3.000000,       48.000000
        0.339656,        0.327423,        3.000000,       48.000000
       -0.111053,        0.208460,        4.000000,       48.000000
       -0.078848,        0.148555,        4.000000,       48.000000
       -0.045816,        0.112732,        4.000000,       48.000000
       -0.010028,        0.098446,        4.000000,       48.000000
        0.029729,        0.094602,        4.000000,       48.000000
        0.067178,        0.092958,        4.000000,       48.000000
        0.079190,        0.090199,        4.000000,       48.000000
        0.068172,        0.085923,        4.000000,       48.000000
        0.049339,        0.081372,        4.000000,       48.000000
        0.046529,        0.079198,        4.000000,       48.000000
        0.051972,        0.079102,        4.000000,       48.000000
        0.055773,        0.079897,        4.000000,       48.000000
        0.055038,        0.082930,        4.000000,       48.000000
        0.034211,        0.088234,        4.000000,       48.000000
        0.002670,        0.093726,        4.000000,       48.000000
       -0.036668,        0.097983,        4.000000,       48.000000
       -0.081198,        0.099481,        4.000000,       48.000000
       -0.119593,        0.098807,        4.000000,       48.000000
       -0.138187,        0.097535,        4.000000,       48.000000
       -0.142285,        0.096100,        4.000000,       48.000000
       -0.134640,        0.094109,        4.000000,       48.000000
       -0.113481,        0.091119,        4.000000,       48.000000
       -0.082514,        0.086926,        4.000000,       48.000000
       -0.044201,        0.082800,        4.000000,       48.000000
        0.005810,        0.080217,        4.000000,       48.000000
        0.046668,        0.079276,        4.000000,       48.000000
        0.068338,        0.079592,        4.000000,       48.000000
        0.078654,        0.080187,        4.000000,       48.000000
        0.080835,        0.081863,        4.000000,       48.000000
        0.073616,        0.085841,        4.000000,       48.000000
        0.055495,        0.091154,        4.000000,       48.000000
        0.018468,        0.095249,        4.000000,       48.000000
       -0.026212,        0.096242,        4.000000,       48.000000
       -0.066967,        0.094893,        4.000000,       48.000000
       -0.079618,        0.092702,        4.000000,       48.000000
       -0.053135,        0.089718,        4.000000,       48.000000
        0.010429,        0.086566,        4.000000,       48.000000
        0.083752,        0.083946,        4.000000,       48.000000
        0.139572,        0.081002,        4.000000,       48.000000
        0.153419,        0.078951,        4.000000,       48.000000
        0.136639,        0.078134,        4.000000,       48.000000
        0.115160,        0.078703,        4.000000,       48.000000
        0.109895,        0.080357,        4.000000,       48.000000
        0.104364,        0.083477,        4.000000,       48.000000
        0.067721,        0.091822,        4.000000,       48.000000
       -0.001845,        0.111762,        4.000000,       48.000000
       -0.083867,        0.152147,        4.000000,       48.000000
       -0.164404,        0.214446,        4.000000,       48.000000
       -0.265404,        0.196013,        5.000000,       48.000000
       -0.298694,        0.136155,        5.000000,       48.000000
       -0.331493,        0.101514,        5.000000,       48.000000
       -0.376677,        0.090141,        5.000000,       48.000000
       -0.422609,        0.088662,        5.000000,       48.000000
       -0.453725,        0.088005,        5.000000,       48.000000
       -0.457942,        0.085331,        5.000000,       48.000000
       -0.430573,        0.080974,        5.000000,       48.000000
       -0.384021,        0.076661,        5.000000,       48.000000
       -0.326124,        0.074263,        5.000000,       48.000000
       -0.263182,        0.073604,        5.000000,       48.000000
       -0.211651,        0.073862,        5.000000,       48.000000
       -0.175979,        0.075524,        5.000000,       48.000000
       -0.168445,        0.079432,        5.000000,       48.000000
       -0.199529,        0.084328,        5.000000,       48.000000
       -0.220675,        0.088378,        5.000000,       48.000000
       -0.217184,        0.090254,        5.000000,       48.000000
       -0.197679,        0.090616,        5.000000,       48.000000
       -0.157945,        0.090285,        5.000000,       48.000000
       -0.124988,        0.089741,        5.000000,       48.000000
       -0.112757,        0.088542,        5.000000,       48.000000
       -0.124339,        0.086018,        5.000000,       48.000000
       -0.157645,        0.082024,        5.000000,       48.000000
       -0.197009,        0.077441,        5.000000,       48.000000
       -0.229676,        0.074439,        5.000000,       48.000000
       -0.221575,        0.073788,        5.000000,       48.000000
       -0.200774,        0.073906,        5.000000,       48.000000
       -0.197619,        0.073898,        5.000000,       48.000000
       -0.195409,        0.075632,        5.000000,       48.000000
       -0.200009,        0.079514,        5.000000,       48.000000
       -0.205316,        0.084229,        5.000000,       48.000000
       -0.195790,        0.087898,        5.000000,       48.000000
       -0.181150,        0.088884,        5.000000,       48.000000
       -0.159431,        0.088323,        5.000000,       48.000000
       -0.133360,        0.086916,        5.000000,       48.000000
       -0.114980,        0.084761,        5.000000,       48.000000
       -0.112529,        0.082169,        5.000000,       48.000000
       -0.124214,        0.080011,        5.000000,       48.000000
       -0.129092,        0.076841,        5.000000,       48.000000
       -0.125693,        0.073927,        5.000000,       48.000000
       -0.115826,        0.072778,        5.000000,       48.000000
       -0.092371,        0.072918,        5.000000,       48.000000
       -0.068795,        0.073847,        5.000000,       48.000000
       -0.041946,        0.076990,        5.000000,       48.000000
       -0.006153,        0.084839,        5.000000,       48.000000
        0.033146,        0.103020,        5.000000,       48.000000
        0.078414,        0.141906,        5.000000,       48.000000
        0.123096,        0.203168,        5.000000,       48.000000
