      788.002700,        0.000000,        0.000000,        0.000000
     -199.353200,        0.000000,        0.000000,        0.000000
    -1676.758100,        0.000000,        0.000000,        0.000000
      -31.737100,        0.000000,        0.000000,        0.000000
     -932.468200,        0.000000,        0.000000,        0.000000
    -1675.639600,        0.000000,        0.000000,        0.000000
     -860.235900,        0.000000,        0.000000,        0.000000
     -138.386300,        0.000000,        0.000000,        0.000000
    -1668.392600,        0.000000,        0.000000,        0.000000
       -4.541000,        0.000000,        0.000000,        0.000000
      898.146200,        0.000000,        0.000000,        0.000000
    -1659.717000,        0.000000,        0.000000,        0.000000
        0.236301,        0.012217,        0.000000,        0.000000
       -0.054570,        0.011330,        0.000000,        0.000000
        0.106770,        0.005800,        0.000000,        0.000000
       -1.754200,        0.000000,        0.000000,        0.000000
       -0.735200,        0.000000,        0.000000,        0.000000
       31.371200,        0.000000,        0.000000,        0.000000
      -17.726404,        0.444325,        1.000000,       71.000000
      -16.508625,        0.232516,        1.000000,       71.000000
      -15.292558,        0.159465,        1.000000,       71.000000
      -14.267715,        0.161052,        1.000000,       71.000000
      -13.708896,        0.163190,        1.000000,       71.000000
      -13.561958,        0.157321,        1.000000,       71.000000
      -13.915400,        0.152734,        1.000000,       71.000000
      -14.939188,        0.146296,        1.000000,       71.000000
      -16.316210,        0.132887,        1.000000,       71.000000
      -17.645671,        0.134128,        1.000000,       71.000000
      -18.566528,        0.134346,        1.000000,       71.000000
      -19.078379,        0.134579,        1.000000,       71.000000
      -19.192686,        0.144562,        1.000000,       71.000000
      -18.795608,        0.151671,        1.000000,       71.000000
      -18.297181,        0.159785,        1.000000,       71.000000
      -17.863140,        0.153361,        1.000000,       71.000000
      -17.327149,        0.148532,        1.000000,       71.000000
      -16.758675,        0.146707,        1.000000,       71.000000
      -15.864759,        0.147491,        1.000000,       71.000000
      -14.645896,        0.144970,        1.000000,       71.000000
      -13.570000,        0.137217,        1.000000,       71.000000
      -12.461660,        0.131416,        1.000000,       71.000000
      -11.294059,        0.133068,        1.000000,       71.000000
      -10.164190,        0.132043,        1.000000,       71.000000
       -9.436817,        0.139039,        1.000000,       71.000000
       -9.357479,        0.154278,        1.000000,       71.000000
       -9.716126,        0.183679,        1.000000,       71.000000
       -9.961671,        0.290658,        1.000000,       71.000000
      -10.074721,        0.412919,        1.000000,       71.000000
      -10.020884,        0.413300,        1.000000,       71.000000
        5.526151,        0.839991,        1.000000,       71.000000
        5.580150,        0.841459,        1.000000,       71.000000
        5.501370,        0.716132,        1.000000,       71.000000
        5.324056,        0.549846,        1.000000,       71.000000
        5.036956,        0.367925,        1.000000,       71.000000
        4.645713,        0.212219,        1.000000,       71.000000
        4.133903,        0.164193,        1.000000,       71.000000
        3.554478,        0.156144,        1.000000,       71.000000
        3.033264,        0.152827,        1.000000,       71.000000
        2.801914,        0.154067,        1.000000,       71.000000
        2.981668,        0.150846,        1.000000,       71.000000
        3.544078,        0.141124,        1.000000,       71.000000
        4.190154,        0.138527,        1.000000,       71.000000
        4.750401,        0.185627,        1.000000,       71.000000
        5.068720,        0.259923,        1.000000,       71.000000
        5.236722,        0.295772,        1.000000,       71.000000
        5.374547,        0.276241,        1.000000,       71.000000
        5.587161,        0.208408,        1.000000,       71.000000
        6.011824,        0.145654,        1.000000,       71.000000
        6.581794,        0.139044,        1.000000,       71.000000
        7.229307,        0.150767,        1.000000,       71.000000
        7.716905,        0.160307,        1.000000,       71.000000
        7.851934,        0.161046,        1.000000,       71.000000
        7.688997,        0.151623,        1.000000,       71.000000
        7.542671,        0.150737,        1.000000,       71.000000
        7.770235,        0.151191,        1.000000,       71.000000
        8.218552,        0.161776,        1.000000,       71.000000
        8.681583,        0.222877,        1.000000,       71.000000
        8.982910,        0.308637,        1.000000,       71.000000
        9.112976,        0.356277,        1.000000,       71.000000
        9.043385,        0.349905,        1.000000,       71.000000
        8.752327,        0.290472,        1.000000,       71.000000
        8.210487,        0.197922,        1.000000,       71.000000
        7.411984,        0.137871,        1.000000,       71.000000
        6.152388,        0.133296,        1.000000,       71.000000
        4.797885,        0.134452,        1.000000,       71.000000
        4.129181,        0.133354,        1.000000,       71.000000
        4.504415,        0.144941,        1.000000,       71.000000
        5.436547,        0.157317,        1.000000,       71.000000
        6.381720,        0.239384,        1.000000,       71.000000
        7.333639,        0.445815,        1.000000,       71.000000
        2.772795,        0.457381,        2.000000,       71.000000
        2.230645,        0.345100,        2.000000,       71.000000
        1.688519,        0.250009,        2.000000,       71.000000
        1.146559,        0.178417,        2.000000,       71.000000
        0.605720,        0.135143,        2.000000,       71.000000
        0.106355,        0.117887,        2.000000,       71.000000
       -0.325495,        0.113430,        2.000000,       71.000000
       -0.643278,        0.108491,        2.000000,       71.000000
       -0.800030,        0.102926,        2.000000,       71.000000
       -0.727054,        0.100110,        2.000000,       71.000000
       -0.480653,        0.101456,        2.000000,       71.000000
       -0.166796,        0.107498,        2.000000,       71.000000
        0.164040,        0.119154,        2.000000,       71.000000
        0.499485,        0.131984,        2.000000,       71.000000
        0.844903,        0.139585,        2.000000,       71.000000
        1.181485,        0.138430,        2.000000,       71.000000
        1.479654,        0.128927,        2.000000,       71.000000
        1.707964,        0.117386,        2.000000,       71.000000
        1.857569,        0.110365,        2.000000,       71.000000
        1.876012,        0.106871,        2.000000,       71.000000
        1.729355,        0.102600,        2.000000,       71.000000
        1.458582,        0.098978,        2.000000,       71.000000
        1.176145,        0.097198,        2.000000,       71.000000
        0.918692,        0.100113,        2.000000,       71.000000
        0.704451,        0.114038,        2.000000,       71.000000
        0.518080,        0.143533,        2.000000,       71.000000
        0.368400,        0.184209,        2.000000,       71.000000
        0.265426,        0.227105,        2.000000,       71.000000
        0.204211,        0.262341,        2.000000,       71.000000
        0.200247,        0.261910,        2.000000,       71.000000
       -0.804929,        0.497782,        2.000000,       71.000000
       -0.808475,        0.499145,        2.000000,       71.000000
       -0.775738,        0.464768,        2.000000,       71.000000
       -0.716494,        0.414774,        2.000000,       71.000000
       -0.628209,        0.353326,        2.000000,       71.000000
       -0.511594,        0.286846,        2.000000,       71.000000
       -0.366701,        0.221442,        2.000000,       71.000000
       -0.193099,        0.165659,        2.000000,       71.000000
        0.006049,        0.129166,        2.000000,       71.000000
        0.216110,        0.114618,        2.000000,       71.000000
        0.414000,        0.111236,        2.000000,       71.000000
        0.563646,        0.110925,        2.000000,       71.000000
        0.649487,        0.118085,        2.000000,       71.000000
        0.675162,        0.133506,        2.000000,       71.000000
        0.656398,        0.148803,        2.000000,       71.000000
        0.611206,        0.154781,        2.000000,       71.000000
        0.556871,        0.149149,        2.000000,       71.000000
        0.510034,        0.134482,        2.000000,       71.000000
        0.490633,        0.120659,        2.000000,       71.000000
        0.495527,        0.118985,        2.000000,       71.000000
        0.512190,        0.128834,        2.000000,       71.000000
        0.544218,        0.139088,        2.000000,       71.000000
        0.593854,        0.142411,        2.000000,       71.000000
        0.645534,        0.136274,        2.000000,       71.000000
        0.689332,        0.125950,        2.000000,       71.000000
        0.694468,        0.123304,        2.000000,       71.000000
        0.611564,        0.136625,        2.000000,       71.000000
        0.489220,        0.158525,        2.000000,       71.000000
        0.361062,        0.177768,        2.000000,       71.000000
        0.234555,        0.186955,        2.000000,       71.000000
        0.121052,        0.183421,        2.000000,       71.000000
        0.030959,        0.167706,        2.000000,       71.000000
       -0.025429,        0.143421,        2.000000,       71.000000
       -0.036419,        0.119578,        2.000000,       71.000000
       -0.001608,        0.105078,        2.000000,       71.000000
        0.102098,        0.100410,        2.000000,       71.000000
        0.293515,        0.105696,        2.000000,       71.000000
        0.515183,        0.129593,        2.000000,       71.000000
        0.761821,        0.179224,        2.000000,       71.000000
        1.012776,        0.253604,        2.000000,       71.000000
        1.263659,        0.349046,        2.000000,       71.000000
       -1.690381,        0.253726,        3.000000,       71.000000
       -1.467899,        0.181111,        3.000000,       71.000000
       -1.244625,        0.145866,        3.000000,       71.000000
       -1.055589,        0.140921,        3.000000,       71.000000
       -0.939965,        0.142809,        3.000000,       71.000000
       -0.895372,        0.138147,        3.000000,       71.000000
       -0.923614,        0.125941,        3.000000,       71.000000
       -1.002215,        0.111816,        3.000000,       71.000000
       -1.118177,        0.101456,        3.000000,       71.000000
       -1.216264,        0.098074,        3.000000,       71.000000
       -1.234895,        0.098727,        3.000000,       71.000000
       -1.215088,        0.102153,        3.000000,       71.000000
       -1.221461,        0.108901,        3.000000,       71.000000
       -1.299725,        0.116023,        3.000000,       71.000000
       -1.402621,        0.118574,        3.000000,       71.000000
       -1.485956,        0.117989,        3.000000,       71.000000
       -1.534735,        0.120074,        3.000000,       71.000000
       -1.533879,        0.122455,        3.000000,       71.000000
       -1.489811,        0.120051,        3.000000,       71.000000
       -1.419429,        0.112093,        3.000000,       71.000000
       -1.349943,        0.103281,        3.000000,       71.000000
       -1.228972,        0.097526,        3.000000,       71.000000
       -1.060514,        0.095524,        3.000000,       71.000000
       -0.887089,        0.098065,        3.000000,       71.000000
       -0.732237,        0.111912,        3.000000,       71.000000
       -0.657023,        0.143777,        3.000000,       71.000000
       -0.632731,        0.188461,        3.000000,       71.000000
       -0.618371,        0.233929,        3.000000,       71.000000
       -0.610626,        0.270166,        3.000000,       71.000000
       -0.612670,        0.269691,        3.000000,       71.000000
       -1.198746,        0.352793,        3.000000,       71.000000
       -1.200852,        0.353602,        3.000000,       71.000000
       -1.207599,        0.317764,        3.000000,       71.000000
       -1.217693,        0.269344,        3.000000,       71.000000
       -1.231579,        0.215865,        3.000000,       71.000000
       -1.248682,        0.169025,        3.000000,       71.000000
       -1.270777,        0.142906,        3.000000,       71.000000
       -1.290023,        0.135945,        3.000000,       71.000000
       -1.286207,        0.134227,        3.000000,       71.000000
       -1.254648,        0.128427,        3.000000,       71.000000
       -1.189641,        0.118165,        3.000000,       71.000000
       -1.081895,        0.109699,        3.000000,       71.000000
       -0.947968,        0.110538,        3.000000,       71.000000
       -0.815675,        0.122909,        3.000000,       71.000000
       -0.720960,        0.139389,        3.000000,       71.000000
       -0.651776,        0.148730,        3.000000,       71.000000
       -0.594031,        0.146440,        3.000000,       71.000000
       -0.534849,        0.133942,        3.000000,       71.000000
       -0.458522,        0.119292,        3.000000,       71.000000
       -0.368291,        0.113103,        3.000000,       71.000000
       -0.270528,        0.116206,        3.000000,       71.000000
       -0.189323,        0.120118,        3.000000,       71.000000
       -0.143840,        0.120446,        3.000000,       71.000000
       -0.138640,        0.123714,        3.000000,       71.000000
       -0.158689,        0.134588,        3.000000,       71.000000
       -0.219332,        0.149734,        3.000000,       71.000000
       -0.287424,        0.165044,        3.000000,       71.000000
       -0.333074,        0.180140,        3.000000,       71.000000
       -0.355888,        0.190292,        3.000000,       71.000000
       -0.378034,        0.190479,        3.000000,       71.000000
       -0.418670,        0.179071,        3.000000,       71.000000
       -0.497811,        0.157425,        3.000000,       71.000000
       -0.635059,        0.130704,        3.000000,       71.000000
       -0.850807,        0.109223,        3.000000,       71.000000
       -1.149788,        0.098536,        3.000000,       71.000000
       -1.444576,        0.095921,        3.000000,       71.000000
       -1.687852,        0.101436,        3.000000,       71.000000
       -1.840227,        0.125065,        3.000000,       71.000000
       -1.949051,        0.176965,        3.000000,       71.000000
       -2.057062,        0.255278,        3.000000,       71.000000
       -2.165174,        0.354018,        3.000000,       71.000000
        0.360660,        0.232752,        4.000000,       71.000000
        0.236869,        0.159956,        4.000000,       71.000000
        0.111929,        0.120150,        4.000000,       71.000000
        0.005853,        0.107269,        4.000000,       71.000000
       -0.056650,        0.104236,        4.000000,       71.000000
       -0.081358,        0.101160,        4.000000,       71.000000
       -0.065144,        0.096439,        4.000000,       71.000000
       -0.020995,        0.090430,        4.000000,       71.000000
        0.007360,        0.085351,        4.000000,       71.000000
       -0.006091,        0.084466,        4.000000,       71.000000
       -0.054920,        0.085718,        4.000000,       71.000000
       -0.080989,        0.088040,        4.000000,       71.000000
       -0.070634,        0.093382,        4.000000,       71.000000
       -0.056408,        0.099226,        4.000000,       71.000000
       -0.034968,        0.103169,        4.000000,       71.000000
       -0.008071,        0.102987,        4.000000,       71.000000
        0.017028,        0.100738,        4.000000,       71.000000
        0.047369,        0.098187,        4.000000,       71.000000
        0.079746,        0.095445,        4.000000,       71.000000
        0.079476,        0.091762,        4.000000,       71.000000
        0.031417,        0.087732,        4.000000,       71.000000
       -0.020604,        0.085316,        4.000000,       71.000000
       -0.068238,        0.084768,        4.000000,       71.000000
       -0.130375,        0.085136,        4.000000,       71.000000
       -0.150818,        0.088590,        4.000000,       71.000000
       -0.091258,        0.101142,        4.000000,       71.000000
       -0.027535,        0.126238,        4.000000,       71.000000
        0.016462,        0.163118,        4.000000,       71.000000
        0.041896,        0.198190,        4.000000,       71.000000
        0.042210,        0.198044,        4.000000,       71.000000
        0.081425,        0.339228,        4.000000,       71.000000
        0.081576,        0.339964,        4.000000,       71.000000
        0.070354,        0.303622,        4.000000,       71.000000
        0.050888,        0.254545,        4.000000,       71.000000
        0.022283,        0.199968,        4.000000,       71.000000
       -0.014780,        0.150597,        4.000000,       71.000000
       -0.061889,        0.119676,        4.000000,       71.000000
       -0.112649,        0.105998,        4.000000,       71.000000
       -0.131468,        0.101053,        4.000000,       71.000000
       -0.109904,        0.098058,        4.000000,       71.000000
       -0.084333,        0.093930,        4.000000,       71.000000
       -0.067751,        0.090507,        4.000000,       71.000000
       -0.039919,        0.093465,        4.000000,       71.000000
       -0.034019,        0.106546,        4.000000,       71.000000
       -0.043645,        0.124125,        4.000000,       71.000000
       -0.062525,        0.133436,        4.000000,       71.000000
       -0.086365,        0.130021,        4.000000,       71.000000
       -0.111297,        0.115499,        4.000000,       71.000000
       -0.129778,        0.099561,        4.000000,       71.000000
       -0.153411,        0.093680,        4.000000,       71.000000
       -0.181656,        0.096983,        4.000000,       71.000000
       -0.186420,        0.102142,        4.000000,       71.000000
       -0.156165,        0.104400,        4.000000,       71.000000
       -0.110327,        0.103262,        4.000000,       71.000000
       -0.091799,        0.102310,        4.000000,       71.000000
       -0.119020,        0.104562,        4.000000,       71.000000
       -0.156298,        0.113659,        4.000000,       71.000000
       -0.197392,        0.131196,        4.000000,       71.000000
       -0.235621,        0.149140,        4.000000,       71.000000
       -0.268358,        0.157751,        4.000000,       71.000000
       -0.291612,        0.153413,        4.000000,       71.000000
       -0.301442,        0.136636,        4.000000,       71.000000
       -0.295068,        0.112405,        4.000000,       71.000000
       -0.265011,        0.093088,        4.000000,       71.000000
       -0.230169,        0.086070,        4.000000,       71.000000
       -0.182028,        0.085469,        4.000000,       71.000000
       -0.119157,        0.087197,        4.000000,       71.000000
       -0.071846,        0.094535,        4.000000,       71.000000
       -0.022434,        0.115161,        4.000000,       71.000000
        0.029955,        0.162587,        4.000000,       71.000000
        0.082098,        0.239297,        4.000000,       71.000000
       -0.214104,        0.219723,        5.000000,       71.000000
       -0.236569,        0.146674,        5.000000,       71.000000
       -0.261237,        0.108052,        5.000000,       71.000000
       -0.245567,        0.098460,        5.000000,       71.000000
       -0.190866,        0.097810,        5.000000,       71.000000
       -0.176426,        0.095731,        5.000000,       71.000000
       -0.217153,        0.091432,        5.000000,       71.000000
       -0.257202,        0.085670,        5.000000,       71.000000
       -0.258151,        0.080598,        5.000000,       71.000000
       -0.229033,        0.078900,        5.000000,       71.000000
       -0.220940,        0.079294,        5.000000,       71.000000
       -0.241217,        0.080545,        5.000000,       71.000000
       -0.275259,        0.084692,        5.000000,       71.000000
       -0.305511,        0.089948,        5.000000,       71.000000
       -0.363783,        0.093606,        5.000000,       71.000000
       -0.433010,        0.093848,        5.000000,       71.000000
       -0.508149,        0.092493,        5.000000,       71.000000
       -0.605458,        0.090723,        5.000000,       71.000000
       -0.710834,        0.088903,        5.000000,       71.000000
       -0.720910,        0.085925,        5.000000,       71.000000
       -0.603236,        0.081627,        5.000000,       71.000000
       -0.489911,        0.078764,        5.000000,       71.000000
       -0.431621,        0.078333,        5.000000,       71.000000
       -0.418978,        0.078313,        5.000000,       71.000000
       -0.485885,        0.081931,        5.000000,       71.000000
       -0.558978,        0.093670,        5.000000,       71.000000
       -0.600645,        0.117398,        5.000000,       71.000000
       -0.626835,        0.154078,        5.000000,       71.000000
       -0.642056,        0.189481,        5.000000,       71.000000
       -0.641101,        0.189345,        5.000000,       71.000000
       -0.347231,        0.326723,        5.000000,       71.000000
       -0.346165,        0.327426,        5.000000,       71.000000
       -0.336174,        0.290600,        5.000000,       71.000000
       -0.319702,        0.241042,        5.000000,       71.000000
       -0.296009,        0.186185,        5.000000,       71.000000
       -0.265729,        0.137212,        5.000000,       71.000000
       -0.227191,        0.108520,        5.000000,       71.000000
       -0.195328,        0.096986,        5.000000,       71.000000
       -0.205369,        0.093749,        5.000000,       71.000000
       -0.207992,        0.092050,        5.000000,       71.000000
       -0.229735,        0.088584,        5.000000,       71.000000
       -0.287868,        0.084232,        5.000000,       71.000000
       -0.354591,        0.085937,        5.000000,       71.000000
       -0.395289,        0.099464,        5.000000,       71.000000
       -0.374692,        0.117411,        5.000000,       71.000000
       -0.316416,        0.126059,        5.000000,       71.000000
       -0.240696,        0.121228,        5.000000,       71.000000
       -0.167087,        0.105258,        5.000000,       71.000000
       -0.121257,        0.089740,        5.000000,       71.000000
       -0.102403,        0.085813,        5.000000,       71.000000
       -0.060223,        0.089683,        5.000000,       71.000000
       -0.010244,        0.094353,        5.000000,       71.000000
        0.037521,        0.095976,        5.000000,       71.000000
        0.069693,        0.094467,        5.000000,       71.000000
        0.071002,        0.094054,        5.000000,       71.000000
        0.087008,        0.096449,        5.000000,       71.000000
        0.118419,        0.105073,        5.000000,       71.000000
        0.110528,        0.122480,        5.000000,       71.000000
        0.053963,        0.141018,        5.000000,       71.000000
       -0.025442,        0.149991,        5.000000,       71.000000
       -0.109110,        0.145563,        5.000000,       71.000000
       -0.176106,        0.128310,        5.000000,       71.000000
       -0.207670,        0.103649,        5.000000,       71.000000
       -0.178702,        0.085374,        5.000000,       71.000000
       -0.091410,        0.079197,        5.000000,       71.000000
       -0.008439,        0.079060,        5.000000,       71.000000
        0.052991,        0.080362,        5.000000,       71.000000
        0.066587,        0.085446,        5.000000,       71.000000
        0.003838,        0.102763,        5.000000,       71.000000
       -0.095681,        0.146829,        5.000000,       71.000000
       -0.192232,        0.221564,        5.000000,       71.000000
