      787.674133,        0.021198,        0.000000,        0.000000
     -199.403751,        0.021166,        0.000000,        0.000000
    -1676.926345,        0.021622,        0.000000,        0.000000
      -32.043194,        0.021666,        0.000000,        0.000000
     -932.455922,        0.020220,        0.000000,        0.000000
    -1675.642955,        0.020860,        0.000000,        0.000000
     -860.520920,        0.021118,        0.000000,        0.000000
     -138.459147,        0.020965,        0.000000,        0.000000
    -1668.458019,        0.022004,        0.000000,        0.000000
       -4.865364,        0.022870,        0.000000,        0.000000
      898.127229,        0.021826,        0.000000,        0.000000
    -1659.997420,        0.022976,        0.000000,        0.000000
        0.000000,        0.000000,        0.000000,        0.000000
        0.000000,        0.000000,        0.000000,        0.000000
        0.000000,        0.000000,        0.000000,        0.000000
        1.939200,        0.000000,        0.000000,        0.000000
       -0.765300,        0.000000,        0.000000,        0.000000
       21.333900,        0.000000,        0.000000,        0.000000
       -6.772764,        0.382567,        1.000000,       33.000000
       -6.243943,        0.217601,        1.000000,       33.000000
       -5.654921,        0.154274,        1.000000,       33.000000
       -5.446653,        0.168957,        1.000000,       33.000000
       -5.314194,        0.162857,        1.000000,       33.000000
       -5.459315,        0.148620,        1.000000,       33.000000
       -5.803147,        0.155623,        1.000000,       33.000000
       -6.263017,        0.148365,        1.000000,       33.000000
       -6.660494,        0.152954,        1.000000,       33.000000
       -6.870601,        0.157233,        1.000000,       33.000000
       -7.010566,        0.147869,        1.000000,       33.000000
       -6.945883,        0.152904,        1.000000,       33.000000
       -6.833724,        0.149154,        1.000000,       33.000000
       -6.807284,        0.134586,        1.000000,       33.000000
       -6.675771,        0.131885,        1.000000,       33.000000
       -6.473442,        0.142968,        1.000000,       33.000000
       -6.082513,        0.147686,        1.000000,       33.000000
       -5.676950,        0.144886,        1.000000,       33.000000
       -5.307833,        0.151951,        1.000000,       33.000000
       -5.099295,        0.151053,        1.000000,       33.000000
       -5.049144,        0.147693,        1.000000,       33.000000
       -5.412018,        0.154879,        1.000000,       33.000000
       -5.872975,        0.147875,        1.000000,       33.000000
       -6.139920,        0.153020,        1.000000,       33.000000
       -6.238573,        0.151974,        1.000000,       33.000000
       -5.959695,        0.146528,        1.000000,       33.000000
       -5.597405,        0.161032,        1.000000,       33.000000
       -5.429650,        0.156971,        1.000000,       33.000000
       -5.181932,        0.151214,        1.000000,       33.000000
       -5.304889,        0.145847,        1.000000,       33.000000
       -5.472318,        0.179923,        1.000000,       33.000000
       -5.660823,        0.281490,        1.000000,       33.000000
       -5.872626,        0.458283,        1.000000,       33.000000
       -1.603221,        0.486946,        2.000000,       33.000000
       -1.265477,        0.393130,        2.000000,       33.000000
       -0.927689,        0.309376,        2.000000,       33.000000
       -0.590261,        0.237795,        2.000000,       33.000000
       -0.253338,        0.181258,        2.000000,       33.000000
        0.084208,        0.143497,        2.000000,       33.000000
        0.412622,        0.121170,        2.000000,       33.000000
        0.699805,        0.111418,        2.000000,       33.000000
        0.935066,        0.111667,        2.000000,       33.000000
        1.134670,        0.116036,        2.000000,       33.000000
        1.320030,        0.117365,        2.000000,       33.000000
        1.500617,        0.114799,        2.000000,       33.000000
        1.666188,        0.110147,        2.000000,       33.000000
        1.755865,        0.106818,        2.000000,       33.000000
        1.737548,        0.107585,        2.000000,       33.000000
        1.657820,        0.113008,        2.000000,       33.000000
        1.506135,        0.123724,        2.000000,       33.000000
        1.339431,        0.131799,        2.000000,       33.000000
        1.174759,        0.133782,        2.000000,       33.000000
        1.040226,        0.129769,        2.000000,       33.000000
        0.957429,        0.123009,        2.000000,       33.000000
        0.946731,        0.114957,        2.000000,       33.000000
        0.955553,        0.109965,        2.000000,       33.000000
        0.935293,        0.111011,        2.000000,       33.000000
        0.936415,        0.116571,        2.000000,       33.000000
        0.987002,        0.120435,        2.000000,       33.000000
        1.064937,        0.120890,        2.000000,       33.000000
        1.144191,        0.117447,        2.000000,       33.000000
        1.167700,        0.114496,        2.000000,       33.000000
        1.170534,        0.118867,        2.000000,       33.000000
        1.225771,        0.137880,        2.000000,       33.000000
        1.282202,        0.181547,        2.000000,       33.000000
        1.339729,        0.244396,        2.000000,       33.000000
       -0.384350,        0.210682,        3.000000,       33.000000
       -0.066038,        0.157477,        3.000000,       33.000000
        0.258483,        0.129823,        3.000000,       33.000000
        0.546756,        0.125254,        3.000000,       33.000000
        0.728030,        0.134387,        3.000000,       33.000000
        0.838489,        0.144127,        3.000000,       33.000000
        0.891767,        0.151105,        3.000000,       33.000000
        0.886224,        0.153212,        3.000000,       33.000000
        0.821318,        0.148572,        3.000000,       33.000000
        0.696260,        0.138251,        3.000000,       33.000000
        0.510541,        0.126231,        3.000000,       33.000000
        0.273949,        0.114458,        3.000000,       33.000000
        0.026309,        0.105850,        3.000000,       33.000000
       -0.187221,        0.101777,        3.000000,       33.000000
       -0.442948,        0.100435,        3.000000,       33.000000
       -0.716691,        0.101160,        3.000000,       33.000000
       -0.990636,        0.101521,        3.000000,       33.000000
       -1.215188,        0.103555,        3.000000,       33.000000
       -1.345934,        0.107431,        3.000000,       33.000000
       -1.420104,        0.114950,        3.000000,       33.000000
       -1.401005,        0.122086,        3.000000,       33.000000
       -1.254108,        0.128577,        3.000000,       33.000000
       -1.009356,        0.132541,        3.000000,       33.000000
       -0.732872,        0.131415,        3.000000,       33.000000
       -0.483380,        0.126492,        3.000000,       33.000000
       -0.317724,        0.121849,        3.000000,       33.000000
       -0.234468,        0.117358,        3.000000,       33.000000
       -0.232134,        0.112913,        3.000000,       33.000000
       -0.259381,        0.109123,        3.000000,       33.000000
       -0.214680,        0.111852,        3.000000,       33.000000
       -0.173163,        0.133875,        3.000000,       33.000000
       -0.151529,        0.177804,        3.000000,       33.000000
       -0.131125,        0.241655,        3.000000,       33.000000
        0.093547,        0.276539,        4.000000,       33.000000
        0.176501,        0.241588,        4.000000,       33.000000
        0.259964,        0.226258,        4.000000,       33.000000
        0.339479,        0.223035,        4.000000,       33.000000
        0.404181,        0.224082,        4.000000,       33.000000
        0.439580,        0.225189,        4.000000,       33.000000
        0.428387,        0.225468,        4.000000,       33.000000
        0.375181,        0.224548,        4.000000,       33.000000
        0.293926,        0.222151,        4.000000,       33.000000
        0.202090,        0.217837,        4.000000,       33.000000
        0.126084,        0.211463,        4.000000,       33.000000
        0.079171,        0.203724,        4.000000,       33.000000
        0.052757,        0.196430,        4.000000,       33.000000
        0.035979,        0.191275,        4.000000,       33.000000
        0.038329,        0.189372,        4.000000,       33.000000
        0.040134,        0.191279,        4.000000,       33.000000
        0.043678,        0.195982,        4.000000,       33.000000
        0.059793,        0.202288,        4.000000,       33.000000
        0.094844,        0.208233,        4.000000,       33.000000
        0.144529,        0.213894,        4.000000,       33.000000
        0.205059,        0.218404,        4.000000,       33.000000
        0.258249,        0.221417,        4.000000,       33.000000
        0.305070,        0.222648,        4.000000,       33.000000
        0.348454,        0.221592,        4.000000,       33.000000
        0.381436,        0.218526,        4.000000,       33.000000
        0.406165,        0.213757,        4.000000,       33.000000
        0.421281,        0.207622,        4.000000,       33.000000
        0.420895,        0.200675,        4.000000,       33.000000
        0.404097,        0.193980,        4.000000,       33.000000
        0.361387,        0.189143,        4.000000,       33.000000
        0.306149,        0.190817,        4.000000,       33.000000
        0.257999,        0.206996,        4.000000,       33.000000
        0.209396,        0.244739,        4.000000,       33.000000
        1.052114,        0.270060,        5.000000,       33.000000
        0.941486,        0.233127,        5.000000,       33.000000
        0.829890,        0.214757,        5.000000,       33.000000
        0.733438,        0.207884,        5.000000,       33.000000
        0.662590,        0.204764,        5.000000,       33.000000
        0.619110,        0.202213,        5.000000,       33.000000
        0.602721,        0.199598,        5.000000,       33.000000
        0.609096,        0.197012,        5.000000,       33.000000
        0.639706,        0.194810,        5.000000,       33.000000
        0.686008,        0.192253,        5.000000,       33.000000
        0.732936,        0.188127,        5.000000,       33.000000
        0.775126,        0.182490,        5.000000,       33.000000
        0.809679,        0.176995,        5.000000,       33.000000
        0.829109,        0.174090,        5.000000,       33.000000
        0.858045,        0.174692,        5.000000,       33.000000
        0.896038,        0.178449,        5.000000,       33.000000
        0.959397,        0.184992,        5.000000,       33.000000
        1.017322,        0.191582,        5.000000,       33.000000
        1.044803,        0.195962,        5.000000,       33.000000
        1.041947,        0.197877,        5.000000,       33.000000
        1.012147,        0.197861,        5.000000,       33.000000
        0.973170,        0.196889,        5.000000,       33.000000
        0.931228,        0.195638,        5.000000,       33.000000
        0.901830,        0.194037,        5.000000,       33.000000
        0.897146,        0.192133,        5.000000,       33.000000
        0.900785,        0.189270,        5.000000,       33.000000
        0.910316,        0.184980,        5.000000,       33.000000
        0.946064,        0.179288,        5.000000,       33.000000
        1.005865,        0.174031,        5.000000,       33.000000
        1.052764,        0.171306,        5.000000,       33.000000
        1.070501,        0.175425,        5.000000,       33.000000
        1.079598,        0.195528,        5.000000,       33.000000
        1.088590,        0.236661,        5.000000,       33.000000
