      788.168351,        0.020012,        0.000000,        0.000000
     -199.409082,        0.019026,        0.000000,        0.000000
    -1676.733275,        0.021612,        0.000000,        0.000000
      -31.620383,        0.019289,        0.000000,        0.000000
     -932.555949,        0.020770,        0.000000,        0.000000
    -1675.606675,        0.021471,        0.000000,        0.000000
     -860.151733,        0.020496,        0.000000,        0.000000
     -138.427174,        0.019361,        0.000000,        0.000000
    -1668.355594,        0.021391,        0.000000,        0.000000
       -4.383954,        0.018903,        0.000000,        0.000000
      898.135571,        0.021189,        0.000000,        0.000000
    -1659.701178,        0.022598,        0.000000,        0.000000
        0.000000,        0.000000,        0.000000,        0.000000
        0.000000,        0.000000,        0.000000,        0.000000
        0.000000,        0.000000,        0.000000,        0.000000
        1.945200,        0.000000,        0.000000,        0.000000
       -0.765300,        0.000000,        0.000000,        0.000000
       21.333900,        0.000000,        0.000000,        0.000000
        9.147006,        0.479322,        1.000000,      114.000000
        8.824443,        0.253418,        1.000000,      114.000000
        8.529162,        0.211135,        1.000000,      114.000000
        8.225600,        0.255748,        1.000000,      114.000000
        7.871061,        0.250709,        1.000000,      114.000000
        7.450397,        0.239839,        1.000000,      114.000000
        7.048164,        0.225138,        1.000000,      114.000000
        6.614515,        0.205548,        1.000000,      114.000000
        6.579406,        0.215313,        1.000000,      114.000000
        6.628160,        0.197035,        1.000000,      114.000000
        6.653621,        0.217978,        1.000000,      114.000000
        6.672463,        0.345492,        1.000000,      114.000000
        6.609036,        0.476421,        1.000000,      114.000000
        6.462932,        0.477374,        1.000000,      114.000000
       -8.067003,        0.927234,        1.000000,      114.000000
       -8.214251,        0.932021,        1.000000,      114.000000
       -8.363737,        0.808274,        1.000000,      114.000000
       -8.514144,        0.641930,        1.000000,      114.000000
       -8.663419,        0.457647,        1.000000,      114.000000
       -8.817028,        0.300728,        1.000000,      114.000000
       -8.948229,        0.213899,        1.000000,      114.000000
       -9.055489,        0.188996,        1.000000,      114.000000
       -9.114257,        0.187379,        1.000000,      114.000000
       -9.199517,        0.188649,        1.000000,      114.000000
       -9.136636,        0.186443,        1.000000,      114.000000
       -8.985993,        0.180544,        1.000000,      114.000000
       -8.885081,        0.176141,        1.000000,      114.000000
       -8.267265,        0.182533,        1.000000,      114.000000
       -7.430244,        0.190928,        1.000000,      114.000000
       -6.521393,        0.190161,        1.000000,      114.000000
       -5.533745,        0.190328,        1.000000,      114.000000
       -4.964167,        0.214671,        1.000000,      114.000000
       -4.836176,        0.238552,        1.000000,      114.000000
       -4.851054,        0.215061,        1.000000,      114.000000
       -4.778725,        0.201723,        1.000000,      114.000000
       -4.737419,        0.206843,        1.000000,      114.000000
       -4.659886,        0.184369,        1.000000,      114.000000
       -4.626848,        0.190703,        1.000000,      114.000000
       -4.554984,        0.192922,        1.000000,      114.000000
       -4.584398,        0.182540,        1.000000,      114.000000
       -4.661263,        0.197639,        1.000000,      114.000000
       -4.869428,        0.187678,        1.000000,      114.000000
       -5.237456,        0.188379,        1.000000,      114.000000
       -5.615590,        0.207342,        1.000000,      114.000000
       -6.385083,        0.202425,        1.000000,      114.000000
       -7.214796,        0.188326,        1.000000,      114.000000
       -7.883586,        0.183850,        1.000000,      114.000000
       -8.395168,        0.183471,        1.000000,      114.000000
       -8.290741,        0.185455,        1.000000,      114.000000
       -8.012079,        0.183921,        1.000000,      114.000000
       -7.340832,        0.181873,        1.000000,      114.000000
       -7.209733,        0.177834,        1.000000,      114.000000
       -7.940931,        0.181076,        1.000000,      114.000000
       -9.213737,        0.185806,        1.000000,      114.000000
      -11.000231,        0.187954,        1.000000,      114.000000
      -12.204405,        0.187277,        1.000000,      114.000000
      -11.870172,        0.193844,        1.000000,      114.000000
      -10.261177,        0.198587,        1.000000,      114.000000
       -8.588400,        0.186779,        1.000000,      114.000000
       -7.839873,        0.227229,        1.000000,      114.000000
       -7.528761,        0.282984,        1.000000,      114.000000
       -7.704166,        0.285937,        1.000000,      114.000000
       -8.299891,        0.231787,        1.000000,      114.000000
       -9.380817,        0.182963,        1.000000,      114.000000
      -10.453562,        0.201734,        1.000000,      114.000000
      -11.338107,        0.196809,        1.000000,      114.000000
      -12.055260,        0.186367,        1.000000,      114.000000
      -12.270002,        0.202780,        1.000000,      114.000000
      -12.272512,        0.185561,        1.000000,      114.000000
      -12.303123,        0.225605,        1.000000,      114.000000
      -12.344392,        0.360546,        1.000000,      114.000000
      -12.353095,        0.494113,        1.000000,      114.000000
      -12.333897,        0.494285,        1.000000,      114.000000
       -5.308959,        0.850988,        1.000000,      114.000000
       -5.290427,        0.852096,        1.000000,      114.000000
       -5.488228,        0.721491,        1.000000,      114.000000
       -5.850203,        0.551899,        1.000000,      114.000000
       -6.373670,        0.371220,        1.000000,      114.000000
       -7.124875,        0.241836,        1.000000,      114.000000
       -7.787500,        0.192328,        1.000000,      114.000000
       -8.215097,        0.189494,        1.000000,      114.000000
       -8.491196,        0.184819,        1.000000,      114.000000
       -7.973207,        0.183659,        1.000000,      114.000000
       -7.352990,        0.178570,        1.000000,      114.000000
       -6.655490,        0.178243,        1.000000,      114.000000
       -5.815441,        0.180057,        1.000000,      114.000000
       -5.567708,        0.188480,        1.000000,      114.000000
       -5.295353,        0.197785,        1.000000,      114.000000
       -5.360537,        0.191730,        1.000000,      114.000000
       -5.192695,        0.191278,        1.000000,      114.000000
       -5.149172,        0.225819,        1.000000,      114.000000
       -4.847956,        0.270123,        1.000000,      114.000000
       -4.368434,        0.261243,        1.000000,      114.000000
       -3.741289,        0.206512,        1.000000,      114.000000
       -2.992892,        0.190170,        1.000000,      114.000000
       -2.177838,        0.192664,        1.000000,      114.000000
       -1.931647,        0.184763,        1.000000,      114.000000
       -1.974998,        0.183307,        1.000000,      114.000000
       -2.134591,        0.184107,        1.000000,      114.000000
       -2.462990,        0.189528,        1.000000,      114.000000
       -2.788228,        0.181649,        1.000000,      114.000000
       -3.566460,        0.186029,        1.000000,      114.000000
       -3.991991,        0.174132,        1.000000,      114.000000
       -4.067126,        0.165520,        1.000000,      114.000000
       -3.956779,        0.165787,        1.000000,      114.000000
       -3.724856,        0.168027,        1.000000,      114.000000
       -3.175947,        0.165405,        1.000000,      114.000000
       -2.576095,        0.165920,        1.000000,      114.000000
       -1.133517,        0.175863,        1.000000,      114.000000
        0.437250,        0.184919,        1.000000,      114.000000
        2.267809,        0.187687,        1.000000,      114.000000
        3.874434,        0.192272,        1.000000,      114.000000
        5.392697,        0.265183,        1.000000,      114.000000
        6.934298,        0.466984,        1.000000,      114.000000
        2.168013,        0.926730,        2.000000,      114.000000
        1.946346,        0.764755,        2.000000,      114.000000
        1.724668,        0.613861,        2.000000,      114.000000
        1.502970,        0.475553,        2.000000,      114.000000
        1.281305,        0.352303,        2.000000,      114.000000
        1.057863,        0.248848,        2.000000,      114.000000
        0.825855,        0.173344,        2.000000,      114.000000
        0.565796,        0.145547,        2.000000,      114.000000
        0.304260,        0.170908,        2.000000,      114.000000
        0.102131,        0.229592,        2.000000,      114.000000
       -0.025391,        0.292240,        2.000000,      114.000000
       -0.109990,        0.346203,        2.000000,      114.000000
       -0.156353,        0.384352,        2.000000,      114.000000
       -0.152042,        0.382146,        2.000000,      114.000000
        0.429882,        0.406878,        2.000000,      114.000000
        0.434452,        0.409433,        2.000000,      114.000000
        0.408768,        0.374134,        2.000000,      114.000000
        0.359790,        0.324114,        2.000000,      114.000000
        0.284682,        0.265510,        2.000000,      114.000000
        0.183945,        0.207215,        2.000000,      114.000000
        0.054499,        0.160586,        2.000000,      114.000000
       -0.094572,        0.134661,        2.000000,      114.000000
       -0.270618,        0.123732,        2.000000,      114.000000
       -0.471436,        0.123406,        2.000000,      114.000000
       -0.633259,        0.123405,        2.000000,      114.000000
       -0.726112,        0.123484,        2.000000,      114.000000
       -0.729410,        0.123986,        2.000000,      114.000000
       -0.569047,        0.128243,        2.000000,      114.000000
       -0.315864,        0.138130,        2.000000,      114.000000
       -0.094694,        0.152473,        2.000000,      114.000000
        0.085206,        0.168722,        2.000000,      114.000000
        0.198173,        0.185905,        2.000000,      114.000000
        0.262395,        0.200113,        2.000000,      114.000000
        0.285180,        0.205950,        2.000000,      114.000000
        0.273658,        0.201233,        2.000000,      114.000000
        0.235584,        0.186875,        2.000000,      114.000000
        0.177958,        0.168042,        2.000000,      114.000000
        0.111135,        0.148791,        2.000000,      114.000000
        0.054227,        0.131145,        2.000000,      114.000000
       -0.007004,        0.123305,        2.000000,      114.000000
       -0.069282,        0.125887,        2.000000,      114.000000
       -0.099408,        0.133355,        2.000000,      114.000000
       -0.062330,        0.136497,        2.000000,      114.000000
        0.024026,        0.136486,        2.000000,      114.000000
        0.158570,        0.132768,        2.000000,      114.000000
        0.270396,        0.130544,        2.000000,      114.000000
        0.356081,        0.127231,        2.000000,      114.000000
        0.460691,        0.122688,        2.000000,      114.000000
        0.617756,        0.121894,        2.000000,      114.000000
        0.738861,        0.121303,        2.000000,      114.000000
        0.756076,        0.121790,        2.000000,      114.000000
        0.728325,        0.122170,        2.000000,      114.000000
        0.694672,        0.123450,        2.000000,      114.000000
        0.687318,        0.129621,        2.000000,      114.000000
        0.720114,        0.143268,        2.000000,      114.000000
        0.809772,        0.162877,        2.000000,      114.000000
        0.947499,        0.187665,        2.000000,      114.000000
        1.090506,        0.215083,        2.000000,      114.000000
        1.216106,        0.238371,        2.000000,      114.000000
        1.310244,        0.252524,        2.000000,      114.000000
        1.355533,        0.255033,        2.000000,      114.000000
        1.335711,        0.245328,        2.000000,      114.000000
        1.236567,        0.224558,        2.000000,      114.000000
        1.034961,        0.196484,        2.000000,      114.000000
        0.755157,        0.164480,        2.000000,      114.000000
        0.462944,        0.135400,        2.000000,      114.000000
        0.227823,        0.129948,        2.000000,      114.000000
        0.057944,        0.161783,        2.000000,      114.000000
       -0.059280,        0.216666,        2.000000,      114.000000
       -0.142402,        0.274237,        2.000000,      114.000000
       -0.197500,        0.325603,        2.000000,      114.000000
       -0.231836,        0.363651,        2.000000,      114.000000
       -0.235851,        0.363020,        2.000000,      114.000000
       -1.659242,        0.367690,        2.000000,      114.000000
       -1.662859,        0.368338,        2.000000,      114.000000
       -1.584937,        0.330634,        2.000000,      114.000000
       -1.447313,        0.279724,        2.000000,      114.000000
       -1.243002,        0.223266,        2.000000,      114.000000
       -0.977410,        0.171975,        2.000000,      114.000000
       -0.632753,        0.141053,        2.000000,      114.000000
       -0.253500,        0.126714,        2.000000,      114.000000
        0.092575,        0.121234,        2.000000,      114.000000
        0.309723,        0.120176,        2.000000,      114.000000
        0.361453,        0.119607,        2.000000,      114.000000
        0.345344,        0.120680,        2.000000,      114.000000
        0.410280,        0.122354,        2.000000,      114.000000
        0.547752,        0.128298,        2.000000,      114.000000
        0.596597,        0.140111,        2.000000,      114.000000
        0.623893,        0.155930,        2.000000,      114.000000
        0.692648,        0.173155,        2.000000,      114.000000
        0.851839,        0.191908,        2.000000,      114.000000
        1.085997,        0.207689,        2.000000,      114.000000
        1.346391,        0.214588,        2.000000,      114.000000
        1.588720,        0.209951,        2.000000,      114.000000
        1.767084,        0.193990,        2.000000,      114.000000
        1.837862,        0.169972,        2.000000,      114.000000
        1.752157,        0.145080,        2.000000,      114.000000
        1.529769,        0.125782,        2.000000,      114.000000
        1.215353,        0.119169,        2.000000,      114.000000
        0.928104,        0.122600,        2.000000,      114.000000
        0.755364,        0.124454,        2.000000,      114.000000
        0.744219,        0.121475,        2.000000,      114.000000
        0.879209,        0.115495,        2.000000,      114.000000
        1.083586,        0.111988,        2.000000,      114.000000
        1.358663,        0.109022,        2.000000,      114.000000
        1.647415,        0.109276,        2.000000,      114.000000
        1.860556,        0.109804,        2.000000,      114.000000
        1.908526,        0.112805,        2.000000,      114.000000
        1.779162,        0.119245,        2.000000,      114.000000
        1.620036,        0.132016,        2.000000,      114.000000
        1.477820,        0.155130,        2.000000,      114.000000
        1.331247,        0.195890,        2.000000,      114.000000
        1.185028,        0.261906,        2.000000,      114.000000
        1.039268,        0.352534,        2.000000,      114.000000
       -1.103174,        0.288802,        3.000000,      114.000000
       -1.055317,        0.203543,        3.000000,      114.000000
       -1.006451,        0.165663,        3.000000,      114.000000
       -0.937892,        0.176870,        3.000000,      114.000000
       -0.854063,        0.204821,        3.000000,      114.000000
       -0.754038,        0.230774,        3.000000,      114.000000
       -0.645558,        0.251343,        3.000000,      114.000000
       -0.539921,        0.265494,        3.000000,      114.000000
       -0.449574,        0.276482,        3.000000,      114.000000
       -0.387833,        0.290817,        3.000000,      114.000000
       -0.365602,        0.315114,        3.000000,      114.000000
       -0.352379,        0.344772,        3.000000,      114.000000
       -0.346564,        0.370557,        3.000000,      114.000000
       -0.350924,        0.368187,        3.000000,      114.000000
       -0.800247,        0.383818,        3.000000,      114.000000
       -0.804763,        0.386146,        3.000000,      114.000000
       -0.811504,        0.350647,        3.000000,      114.000000
       -0.819713,        0.301217,        3.000000,      114.000000
       -0.829745,        0.244497,        3.000000,      114.000000
       -0.840552,        0.191138,        3.000000,      114.000000
       -0.856042,        0.150577,        3.000000,      114.000000
       -0.879151,        0.128258,        3.000000,      114.000000
       -0.914049,        0.124526,        3.000000,      114.000000
       -0.989885,        0.125789,        3.000000,      114.000000
       -1.115080,        0.126882,        3.000000,      114.000000
       -1.252564,        0.124563,        3.000000,      114.000000
       -1.421851,        0.123089,        3.000000,      114.000000
       -1.570430,        0.125972,        3.000000,      114.000000
       -1.583463,        0.134657,        3.000000,      114.000000
       -1.495319,        0.146052,        3.000000,      114.000000
       -1.314562,        0.155652,        3.000000,      114.000000
       -1.053685,        0.160698,        3.000000,      114.000000
       -0.759719,        0.157893,        3.000000,      114.000000
       -0.483392,        0.148937,        3.000000,      114.000000
       -0.274680,        0.143142,        3.000000,      114.000000
       -0.118923,        0.147325,        3.000000,      114.000000
       -0.007219,        0.158018,        3.000000,      114.000000
        0.059369,        0.169407,        3.000000,      114.000000
        0.072620,        0.179687,        3.000000,      114.000000
        0.057478,        0.182779,        3.000000,      114.000000
        0.039556,        0.176791,        3.000000,      114.000000
        0.050682,        0.164872,        3.000000,      114.000000
        0.093071,        0.151772,        3.000000,      114.000000
        0.128908,        0.137752,        3.000000,      114.000000
        0.106820,        0.129207,        3.000000,      114.000000
        0.018928,        0.124352,        3.000000,      114.000000
       -0.064077,        0.122324,        3.000000,      114.000000
       -0.107080,        0.122923,        3.000000,      114.000000
       -0.129450,        0.122384,        3.000000,      114.000000
       -0.147561,        0.123048,        3.000000,      114.000000
       -0.071396,        0.122433,        3.000000,      114.000000
        0.117155,        0.121790,        3.000000,      114.000000
        0.385561,        0.122717,        3.000000,      114.000000
        0.615344,        0.126798,        3.000000,      114.000000
        0.715056,        0.134480,        3.000000,      114.000000
        0.693667,        0.139629,        3.000000,      114.000000
        0.598097,        0.139821,        3.000000,      114.000000
        0.505190,        0.136336,        3.000000,      114.000000
        0.450965,        0.137274,        3.000000,      114.000000
        0.491199,        0.148163,        3.000000,      114.000000
        0.613872,        0.166934,        3.000000,      114.000000
        0.760357,        0.182836,        3.000000,      114.000000
        0.878000,        0.192622,        3.000000,      114.000000
        0.903769,        0.198716,        3.000000,      114.000000
        0.824375,        0.205286,        3.000000,      114.000000
        0.667557,        0.213252,        3.000000,      114.000000
        0.466171,        0.220049,        3.000000,      114.000000
        0.252145,        0.228482,        3.000000,      114.000000
        0.060241,        0.246506,        3.000000,      114.000000
       -0.094512,        0.276473,        3.000000,      114.000000
       -0.202429,        0.311443,        3.000000,      114.000000
       -0.263280,        0.341793,        3.000000,      114.000000
       -0.262081,        0.341187,        3.000000,      114.000000
        0.360732,        0.356286,        3.000000,      114.000000
        0.362005,        0.356891,        3.000000,      114.000000
        0.321697,        0.318947,        3.000000,      114.000000
        0.250015,        0.268128,        3.000000,      114.000000
        0.145784,        0.212099,        3.000000,      114.000000
        0.002084,        0.163850,        3.000000,      114.000000
       -0.146493,        0.132245,        3.000000,      114.000000
       -0.228222,        0.121390,        3.000000,      114.000000
       -0.185796,        0.120987,        3.000000,      114.000000
       -0.002553,        0.122302,        3.000000,      114.000000
        0.230277,        0.123282,        3.000000,      114.000000
        0.401163,        0.123627,        3.000000,      114.000000
        0.550397,        0.125792,        3.000000,      114.000000
        0.823208,        0.130733,        3.000000,      114.000000
        1.149066,        0.140959,        3.000000,      114.000000
        1.394609,        0.152768,        3.000000,      114.000000
        1.520918,        0.163777,        3.000000,      114.000000
        1.508719,        0.171384,        3.000000,      114.000000
        1.386874,        0.170547,        3.000000,      114.000000
        1.176209,        0.159851,        3.000000,      114.000000
        0.898259,        0.144878,        3.000000,      114.000000
        0.575021,        0.138360,        3.000000,      114.000000
        0.234141,        0.143588,        3.000000,      114.000000
       -0.043385,        0.152004,        3.000000,      114.000000
       -0.242568,        0.159350,        3.000000,      114.000000
       -0.371259,        0.160034,        3.000000,      114.000000
       -0.424132,        0.151793,        3.000000,      114.000000
       -0.398624,        0.139026,        3.000000,      114.000000
       -0.322200,        0.124813,        3.000000,      114.000000
       -0.307879,        0.115738,        3.000000,      114.000000
       -0.347211,        0.110976,        3.000000,      114.000000
       -0.424704,        0.111406,        3.000000,      114.000000
       -0.542757,        0.111960,        3.000000,      114.000000
       -0.646200,        0.112608,        3.000000,      114.000000
       -0.658788,        0.113300,        3.000000,      114.000000
       -0.442556,        0.117872,        3.000000,      114.000000
       -0.012896,        0.129622,        3.000000,      114.000000
        0.496233,        0.156571,        3.000000,      114.000000
        1.029299,        0.206398,        3.000000,      114.000000
        1.567396,        0.283668,        3.000000,      114.000000
        2.104675,        0.383515,        3.000000,      114.000000
        0.123728,        0.394701,        4.000000,      114.000000
        0.090085,        0.327019,        4.000000,      114.000000
        0.057063,        0.289663,        4.000000,      114.000000
        0.015584,        0.275639,        4.000000,      114.000000
       -0.026239,        0.270279,        4.000000,      114.000000
       -0.054701,        0.266012,        4.000000,      114.000000
       -0.059009,        0.261020,        4.000000,      114.000000
       -0.050901,        0.256537,        4.000000,      114.000000
       -0.045412,        0.255825,        4.000000,      114.000000
       -0.046611,        0.262666,        4.000000,      114.000000
       -0.062330,        0.280588,        4.000000,      114.000000
       -0.077641,        0.307588,        4.000000,      114.000000
       -0.086309,        0.333279,        4.000000,      114.000000
       -0.088335,        0.332144,        4.000000,      114.000000
       -0.267336,        0.420665,        4.000000,      114.000000
       -0.269296,        0.422835,        4.000000,      114.000000
       -0.273160,        0.390409,        4.000000,      114.000000
       -0.278567,        0.346113,        4.000000,      114.000000
       -0.285620,        0.297159,        4.000000,      114.000000
       -0.294695,        0.253632,        4.000000,      114.000000
       -0.304581,        0.223606,        4.000000,      114.000000
       -0.326488,        0.209055,        4.000000,      114.000000
       -0.369090,        0.205941,        4.000000,      114.000000
       -0.437681,        0.207977,        4.000000,      114.000000
       -0.501587,        0.209893,        4.000000,      114.000000
       -0.575500,        0.210185,        4.000000,      114.000000
       -0.672214,        0.211207,        4.000000,      114.000000
       -0.764863,        0.215676,        4.000000,      114.000000
       -0.820336,        0.224226,        4.000000,      114.000000
       -0.835355,        0.234699,        4.000000,      114.000000
       -0.819864,        0.244392,        4.000000,      114.000000
       -0.794439,        0.252461,        4.000000,      114.000000
       -0.761250,        0.256825,        4.000000,      114.000000
       -0.717487,        0.256011,        4.000000,      114.000000
       -0.661652,        0.252267,        4.000000,      114.000000
       -0.576761,        0.248176,        4.000000,      114.000000
       -0.478447,        0.244655,        4.000000,      114.000000
       -0.411318,        0.242517,        4.000000,      114.000000
       -0.401087,        0.240873,        4.000000,      114.000000
       -0.401431,        0.238778,        4.000000,      114.000000
       -0.387425,        0.235929,        4.000000,      114.000000
       -0.361831,        0.231585,        4.000000,      114.000000
       -0.324974,        0.225280,        4.000000,      114.000000
       -0.295371,        0.217608,        4.000000,      114.000000
       -0.275629,        0.210260,        4.000000,      114.000000
       -0.298226,        0.205084,        4.000000,      114.000000
       -0.348033,        0.202450,        4.000000,      114.000000
       -0.371589,        0.202089,        4.000000,      114.000000
       -0.353019,        0.202588,        4.000000,      114.000000
       -0.294923,        0.202719,        4.000000,      114.000000
       -0.251487,        0.203003,        4.000000,      114.000000
       -0.253823,        0.205238,        4.000000,      114.000000
       -0.265041,        0.210204,        4.000000,      114.000000
       -0.286052,        0.218083,        4.000000,      114.000000
       -0.345254,        0.228088,        4.000000,      114.000000
       -0.454352,        0.236636,        4.000000,      114.000000
       -0.606935,        0.242884,        4.000000,      114.000000
       -0.783486,        0.246929,        4.000000,      114.000000
       -0.966124,        0.249934,        4.000000,      114.000000
       -1.104728,        0.254427,        4.000000,      114.000000
       -1.182630,        0.259358,        4.000000,      114.000000
       -1.211934,        0.260028,        4.000000,      114.000000
       -1.198966,        0.255784,        4.000000,      114.000000
       -1.154217,        0.250075,        4.000000,      114.000000
       -1.075154,        0.246295,        4.000000,      114.000000
       -0.967977,        0.243414,        4.000000,      114.000000
       -0.849852,        0.241277,        4.000000,      114.000000
       -0.741930,        0.241809,        4.000000,      114.000000
       -0.664384,        0.247880,        4.000000,      114.000000
       -0.612766,        0.263899,        4.000000,      114.000000
       -0.575720,        0.290090,        4.000000,      114.000000
       -0.554007,        0.316435,        4.000000,      114.000000
       -0.552322,        0.316141,        4.000000,      114.000000
       -0.017338,        0.374030,        4.000000,      114.000000
       -0.015722,        0.374501,        4.000000,      114.000000
       -0.013048,        0.340724,        4.000000,      114.000000
       -0.009513,        0.297799,        4.000000,      114.000000
       -0.005020,        0.254813,        4.000000,      114.000000
        0.000530,        0.223567,        4.000000,      114.000000
        0.009027,        0.209030,        4.000000,      114.000000
        0.020166,        0.204770,        4.000000,      114.000000
        0.045913,        0.204325,        4.000000,      114.000000
        0.068357,        0.205039,        4.000000,      114.000000
        0.051133,        0.206027,        4.000000,      114.000000
       -0.024558,        0.208312,        4.000000,      114.000000
       -0.095894,        0.211948,        4.000000,      114.000000
       -0.124513,        0.217784,        4.000000,      114.000000
       -0.121181,        0.227378,        4.000000,      114.000000
       -0.076651,        0.238206,        4.000000,      114.000000
        0.004589,        0.248431,        4.000000,      114.000000
        0.112859,        0.257948,        4.000000,      114.000000
        0.221558,        0.264038,        4.000000,      114.000000
        0.316773,        0.263941,        4.000000,      114.000000
        0.381827,        0.258760,        4.000000,      114.000000
        0.402810,        0.253131,        4.000000,      114.000000
        0.360701,        0.248394,        4.000000,      114.000000
        0.250813,        0.243994,        4.000000,      114.000000
        0.092062,        0.240270,        4.000000,      114.000000
       -0.080589,        0.236438,        4.000000,      114.000000
       -0.221206,        0.231627,        4.000000,      114.000000
       -0.305853,        0.224826,        4.000000,      114.000000
       -0.338090,        0.216468,        4.000000,      114.000000
       -0.352949,        0.208665,        4.000000,      114.000000
       -0.370300,        0.203343,        4.000000,      114.000000
       -0.370559,        0.201034,        4.000000,      114.000000
       -0.359660,        0.200622,        4.000000,      114.000000
       -0.322117,        0.201123,        4.000000,      114.000000
       -0.269339,        0.203768,        4.000000,      114.000000
       -0.227338,        0.210144,        4.000000,      114.000000
       -0.208438,        0.221040,        4.000000,      114.000000
       -0.206184,        0.237896,        4.000000,      114.000000
       -0.216063,        0.264954,        4.000000,      114.000000
       -0.233043,        0.312364,        4.000000,      114.000000
       -0.249868,        0.385326,        4.000000,      114.000000
       -0.440337,        0.372569,        5.000000,      114.000000
       -0.364829,        0.305312,        5.000000,      114.000000
       -0.289485,        0.268516,        5.000000,      114.000000
       -0.208576,        0.254938,        5.000000,      114.000000
       -0.125706,        0.248614,        5.000000,      114.000000
       -0.043803,        0.242277,        5.000000,      114.000000
        0.023849,        0.235121,        5.000000,      114.000000
        0.080368,        0.230124,        5.000000,      114.000000
        0.095677,        0.229901,        5.000000,      114.000000
        0.075590,        0.237911,        5.000000,      114.000000
        0.055760,        0.256886,        5.000000,      114.000000
        0.044581,        0.285288,        5.000000,      114.000000
        0.039199,        0.312274,        5.000000,      114.000000
        0.041965,        0.311308,        5.000000,      114.000000
        0.351866,        0.403954,        5.000000,      114.000000
        0.354528,        0.406026,        5.000000,      114.000000
        0.341007,        0.372973,        5.000000,      114.000000
        0.315212,        0.328036,        5.000000,      114.000000
        0.276027,        0.278713,        5.000000,      114.000000
        0.222844,        0.235368,        5.000000,      114.000000
        0.158182,        0.207043,        5.000000,      114.000000
        0.055131,        0.194664,        5.000000,      114.000000
       -0.053803,        0.191979,        5.000000,      114.000000
       -0.148659,        0.193708,        5.000000,      114.000000
       -0.218536,        0.195034,        5.000000,      114.000000
       -0.254038,        0.195710,        5.000000,      114.000000
       -0.298774,        0.197473,        5.000000,      114.000000
       -0.358624,        0.202725,        5.000000,      114.000000
       -0.389134,        0.212093,        5.000000,      114.000000
       -0.394689,        0.222895,        5.000000,      114.000000
       -0.370542,        0.232698,        5.000000,      114.000000
       -0.299712,        0.241430,        5.000000,      114.000000
       -0.205609,        0.246876,        5.000000,      114.000000
       -0.099759,        0.246675,        5.000000,      114.000000
        0.006930,        0.242768,        5.000000,      114.000000
        0.104881,        0.236860,        5.000000,      114.000000
        0.183819,        0.230317,        5.000000,      114.000000
        0.202717,        0.225464,        5.000000,      114.000000
        0.119202,        0.222167,        5.000000,      114.000000
       -0.040490,        0.219944,        5.000000,      114.000000
       -0.211992,        0.218066,        5.000000,      114.000000
       -0.346390,        0.215115,        5.000000,      114.000000
       -0.437484,        0.210438,        5.000000,      114.000000
       -0.484250,        0.203866,        5.000000,      114.000000
       -0.505359,        0.196496,        5.000000,      114.000000
       -0.510202,        0.191394,        5.000000,      114.000000
       -0.526889,        0.188867,        5.000000,      114.000000
       -0.543400,        0.188136,        5.000000,      114.000000
       -0.545530,        0.188396,        5.000000,      114.000000
       -0.532319,        0.187918,        5.000000,      114.000000
       -0.515649,        0.188392,        5.000000,      114.000000
       -0.484922,        0.191577,        5.000000,      114.000000
       -0.454163,        0.197834,        5.000000,      114.000000
       -0.354259,        0.207163,        5.000000,      114.000000
       -0.137670,        0.217555,        5.000000,      114.000000
        0.117884,        0.226259,        5.000000,      114.000000
        0.392815,        0.232991,        5.000000,      114.000000
        0.712179,        0.237677,        5.000000,      114.000000
        0.988954,        0.241512,        5.000000,      114.000000
        1.180192,        0.246536,        5.000000,      114.000000
        1.285321,        0.250293,        5.000000,      114.000000
        1.305431,        0.248441,        5.000000,      114.000000
        1.241729,        0.240838,        5.000000,      114.000000
        1.093206,        0.231821,        5.000000,      114.000000
        0.867401,        0.225726,        5.000000,      114.000000
        0.592059,        0.221667,        5.000000,      114.000000
        0.289950,        0.219560,        5.000000,      114.000000
       -0.004924,        0.220892,        5.000000,      114.000000
       -0.279459,        0.228110,        5.000000,      114.000000
       -0.507123,        0.245556,        5.000000,      114.000000
       -0.661025,        0.273225,        5.000000,      114.000000
       -0.748764,        0.300770,        5.000000,      114.000000
       -0.746523,        0.300514,        5.000000,      114.000000
        0.282964,        0.366268,        5.000000,      114.000000
        0.285447,        0.366736,        5.000000,      114.000000
        0.265847,        0.332258,        5.000000,      114.000000
        0.229390,        0.288206,        5.000000,      114.000000
        0.175262,        0.243696,        5.000000,      114.000000
        0.099970,        0.210648,        5.000000,      114.000000
        0.017850,        0.195285,        5.000000,      114.000000
       -0.022898,        0.190916,        5.000000,      114.000000
       -0.017767,        0.190625,        5.000000,      114.000000
        0.013564,        0.190987,        5.000000,      114.000000
        0.053185,        0.191238,        5.000000,      114.000000
        0.101426,        0.193705,        5.000000,      114.000000
        0.179227,        0.198349,        5.000000,      114.000000
        0.274463,        0.206052,        5.000000,      114.000000
        0.379228,        0.216488,        5.000000,      114.000000
        0.480395,        0.227325,        5.000000,      114.000000
        0.565600,        0.237855,        5.000000,      114.000000
        0.612033,        0.248299,        5.000000,      114.000000
        0.610779,        0.255400,        5.000000,      114.000000
        0.563965,        0.255648,        5.000000,      114.000000
        0.471689,        0.249619,        5.000000,      114.000000
        0.333740,        0.241784,        5.000000,      114.000000
        0.179153,        0.234551,        5.000000,      114.000000
        0.020867,        0.227969,        5.000000,      114.000000
       -0.134257,        0.222610,        5.000000,      114.000000
       -0.281904,        0.218349,        5.000000,      114.000000
       -0.370573,        0.214228,        5.000000,      114.000000
       -0.404460,        0.208425,        5.000000,      114.000000
       -0.396866,        0.201154,        5.000000,      114.000000
       -0.339582,        0.194341,        5.000000,      114.000000
       -0.251333,        0.190059,        5.000000,      114.000000
       -0.165459,        0.187972,        5.000000,      114.000000
       -0.098182,        0.188122,        5.000000,      114.000000
       -0.054500,        0.189002,        5.000000,      114.000000
       -0.022726,        0.191327,        5.000000,      114.000000
       -0.020712,        0.196634,        5.000000,      114.000000
       -0.042368,        0.206630,        5.000000,      114.000000
       -0.035001,        0.221515,        5.000000,      114.000000
       -0.008590,        0.244798,        5.000000,      114.000000
        0.023394,        0.287981,        5.000000,      114.000000
        0.055318,        0.357767,        5.000000,      114.000000
