      787.745953,        0.033719,        0.000000,        0.000000
     -199.258011,        0.032057,        0.000000,        0.000000
    -1676.333806,        0.035689,        0.000000,        0.000000
      -31.743203,        0.032779,        0.000000,        0.000000
     -932.003472,        0.034531,        0.000000,        0.000000
    -1675.143032,        0.036049,        0.000000,        0.000000
     -859.879622,        0.034612,        0.000000,        0.000000
     -138.325993,        0.032369,        0.000000,        0.000000
    -1667.787608,        0.035894,        0.000000,        0.000000
       -4.499688,        0.031806,        0.000000,        0.000000
      897.790821,        0.034977,        0.000000,        0.000000
    -1659.285548,        0.037604,        0.000000,        0.000000
        0.000000,        0.000000,        0.000000,        0.000000
        0.000000,        0.000000,        0.000000,        0.000000
        0.000000,        0.000000,        0.000000,        0.000000
        1.554700,        0.000000,        0.000000,        0.000000
       -1.269000,        0.000000,        0.000000,        0.000000
       23.729500,        0.000000,        0.000000,        0.000000
       -4.287861,        0.823407,        1.000000,       71.000000
       -1.028270,        0.395160,        1.000000,       71.000000
        1.978267,        0.317229,        1.000000,       71.000000
        4.576647,        0.316258,        1.000000,       71.000000
        6.276536,        0.342180,        1.000000,       71.000000
        5.976107,        0.347398,        1.000000,       71.000000
        5.208846,        0.307953,        1.000000,       71.000000
        4.790790,        0.314205,        1.000000,       71.000000
        5.856253,        0.291928,        1.000000,       71.000000
        6.639837,        0.283957,        1.000000,       71.000000
        7.059533,        0.288958,        1.000000,       71.000000
        7.183140,        0.284797,        1.000000,       71.000000
        6.897424,        0.281831,        1.000000,       71.000000
        7.689797,        0.296721,        1.000000,       71.000000
        8.864625,        0.308687,        1.000000,       71.000000
        8.970395,        0.316026,        1.000000,       71.000000
        7.139699,        0.337516,        1.000000,       71.000000
        4.794449,        0.309069,        1.000000,       71.000000
        3.785439,        0.306922,        1.000000,       71.000000
        4.827414,        0.315487,        1.000000,       71.000000
        5.031697,        0.304170,        1.000000,       71.000000
        2.519344,        0.303749,        1.000000,       71.000000
       -0.071761,        0.302048,        1.000000,       71.000000
       -1.453671,        0.283922,        1.000000,       71.000000
       -2.191881,        0.280315,        1.000000,       71.000000
       -1.807960,        0.281475,        1.000000,       71.000000
       -0.623831,        0.277564,        1.000000,       71.000000
       -0.419171,        0.280120,        1.000000,       71.000000
       -2.746938,        0.302316,        1.000000,       71.000000
       -5.943014,        0.313821,        1.000000,       71.000000
       -7.413273,        0.336904,        1.000000,       71.000000
       -8.195935,        0.544968,        1.000000,       71.000000
       -8.694163,        0.818791,        1.000000,       71.000000
       -8.718084,        0.820676,        1.000000,       71.000000
      -13.342546,        1.441422,        1.000000,       71.000000
      -13.363257,        1.442963,        1.000000,       71.000000
      -13.240384,        1.150606,        1.000000,       71.000000
      -13.009078,        0.787343,        1.000000,       71.000000
      -12.679575,        0.437648,        1.000000,       71.000000
      -12.182183,        0.324294,        1.000000,       71.000000
      -11.571644,        0.331802,        1.000000,       71.000000
      -11.669314,        0.363828,        1.000000,       71.000000
      -12.427469,        0.395604,        1.000000,       71.000000
      -13.363550,        0.317398,        1.000000,       71.000000
      -13.500340,        0.330644,        1.000000,       71.000000
      -13.195199,        0.308095,        1.000000,       71.000000
      -12.349594,        0.313591,        1.000000,       71.000000
      -11.799781,        0.285602,        1.000000,       71.000000
      -11.776775,        0.279479,        1.000000,       71.000000
      -11.765506,        0.280955,        1.000000,       71.000000
      -11.884509,        0.277141,        1.000000,       71.000000
      -12.362070,        0.282177,        1.000000,       71.000000
      -13.162271,        0.303299,        1.000000,       71.000000
      -14.279304,        0.317679,        1.000000,       71.000000
      -15.018958,        0.336725,        1.000000,       71.000000
      -15.385471,        0.337445,        1.000000,       71.000000
      -15.290057,        0.318563,        1.000000,       71.000000
      -14.788599,        0.305692,        1.000000,       71.000000
      -14.113094,        0.306192,        1.000000,       71.000000
      -14.073700,        0.311710,        1.000000,       71.000000
      -14.373111,        0.306843,        1.000000,       71.000000
      -14.210938,        0.307239,        1.000000,       71.000000
      -13.863966,        0.283177,        1.000000,       71.000000
      -13.100748,        0.286543,        1.000000,       71.000000
      -12.095114,        0.288460,        1.000000,       71.000000
      -11.126006,        0.279890,        1.000000,       71.000000
      -10.673452,        0.288404,        1.000000,       71.000000
      -10.726040,        0.310306,        1.000000,       71.000000
      -10.879214,        0.321566,        1.000000,       71.000000
      -10.617924,        0.426346,        1.000000,       71.000000
      -10.368327,        0.825269,        1.000000,       71.000000
       -1.910939,        0.845431,        2.000000,       71.000000
       -1.391976,        0.609511,        2.000000,       71.000000
       -0.874375,        0.417506,        2.000000,       71.000000
       -0.348399,        0.291395,        2.000000,       71.000000
        0.154764,        0.241114,        2.000000,       71.000000
        0.417129,        0.234579,        2.000000,       71.000000
        0.455010,        0.227333,        2.000000,       71.000000
        0.420454,        0.210649,        2.000000,       71.000000
        0.713479,        0.193434,        2.000000,       71.000000
        1.615929,        0.185257,        2.000000,       71.000000
        2.134059,        0.183998,        2.000000,       71.000000
        2.496221,        0.184165,        2.000000,       71.000000
        3.002339,        0.187388,        2.000000,       71.000000
        2.876127,        0.199763,        2.000000,       71.000000
        2.562428,        0.223537,        2.000000,       71.000000
        2.355876,        0.249002,        2.000000,       71.000000
        2.295381,        0.266676,        2.000000,       71.000000
        2.402290,        0.266359,        2.000000,       71.000000
        2.487193,        0.244670,        2.000000,       71.000000
        2.453106,        0.216452,        2.000000,       71.000000
        2.385448,        0.197216,        2.000000,       71.000000
        2.271656,        0.194903,        2.000000,       71.000000
        2.403546,        0.190798,        2.000000,       71.000000
        2.739285,        0.184759,        2.000000,       71.000000
        3.180148,        0.181787,        2.000000,       71.000000
        3.598161,        0.181240,        2.000000,       71.000000
        3.784966,        0.183062,        2.000000,       71.000000
        3.513770,        0.188234,        2.000000,       71.000000
        3.166158,        0.200427,        2.000000,       71.000000
        2.811886,        0.229595,        2.000000,       71.000000
        2.408335,        0.280174,        2.000000,       71.000000
        2.092642,        0.355358,        2.000000,       71.000000
        1.916393,        0.431615,        2.000000,       71.000000
        1.912667,        0.431314,        2.000000,       71.000000
        1.507784,        0.948654,        2.000000,       71.000000
        1.504863,        0.951504,        2.000000,       71.000000
        1.477256,        0.873427,        2.000000,       71.000000
        1.430457,        0.763422,        2.000000,       71.000000
        1.361942,        0.633577,        2.000000,       71.000000
        1.272275,        0.501611,        2.000000,       71.000000
        1.157877,        0.386231,        2.000000,       71.000000
        1.028808,        0.306766,        2.000000,       71.000000
        0.983336,        0.252558,        2.000000,       71.000000
        1.000979,        0.217239,        2.000000,       71.000000
        1.030166,        0.211633,        2.000000,       71.000000
        0.958059,        0.213374,        2.000000,       71.000000
        0.874168,        0.203436,        2.000000,       71.000000
        0.843529,        0.190487,        2.000000,       71.000000
        0.767149,        0.182764,        2.000000,       71.000000
        0.555752,        0.180851,        2.000000,       71.000000
        0.375385,        0.182291,        2.000000,       71.000000
        0.228026,        0.188279,        2.000000,       71.000000
        0.086584,        0.204571,        2.000000,       71.000000
        0.024014,        0.233640,        2.000000,       71.000000
        0.008948,        0.260213,        2.000000,       71.000000
        0.027260,        0.272004,        2.000000,       71.000000
        0.087764,        0.259027,        2.000000,       71.000000
        0.190642,        0.228850,        2.000000,       71.000000
        0.366098,        0.200612,        2.000000,       71.000000
        0.604829,        0.194825,        2.000000,       71.000000
        0.700066,        0.199996,        2.000000,       71.000000
        0.765835,        0.195132,        2.000000,       71.000000
        0.760535,        0.187481,        2.000000,       71.000000
        0.707263,        0.182969,        2.000000,       71.000000
        0.668984,        0.184712,        2.000000,       71.000000
        0.667896,        0.186656,        2.000000,       71.000000
        0.722914,        0.195599,        2.000000,       71.000000
        0.837680,        0.222447,        2.000000,       71.000000
        0.976801,        0.287105,        2.000000,       71.000000
        1.159080,        0.408930,        2.000000,       71.000000
        1.339379,        0.589315,        2.000000,       71.000000
        7.293826,        0.441286,        3.000000,       71.000000
        6.606514,        0.285760,        3.000000,       71.000000
        5.922661,        0.229711,        3.000000,       71.000000
        4.920273,        0.247503,        3.000000,       71.000000
        3.868929,        0.267834,        3.000000,       71.000000
        2.857167,        0.265032,        3.000000,       71.000000
        1.925453,        0.240933,        3.000000,       71.000000
        1.014599,        0.211191,        3.000000,       71.000000
       -0.235358,        0.191463,        3.000000,       71.000000
       -1.031026,        0.185518,        3.000000,       71.000000
       -1.208006,        0.187263,        3.000000,       71.000000
       -1.612716,        0.188060,        3.000000,       71.000000
       -1.601245,        0.188238,        3.000000,       71.000000
       -1.404230,        0.195192,        3.000000,       71.000000
       -1.785225,        0.210145,        3.000000,       71.000000
       -2.647088,        0.222398,        3.000000,       71.000000
       -3.896623,        0.219705,        3.000000,       71.000000
       -5.407895,        0.211198,        3.000000,       71.000000
       -6.668558,        0.220268,        3.000000,       71.000000
       -7.409136,        0.236818,        3.000000,       71.000000
       -7.979024,        0.241789,        3.000000,       71.000000
       -8.320479,        0.226797,        3.000000,       71.000000
       -8.371971,        0.204063,        3.000000,       71.000000
       -8.276457,        0.188358,        3.000000,       71.000000
       -8.065709,        0.182979,        3.000000,       71.000000
       -7.799480,        0.182832,        3.000000,       71.000000
       -7.357195,        0.183736,        3.000000,       71.000000
       -6.198415,        0.186792,        3.000000,       71.000000
       -4.390385,        0.203159,        3.000000,       71.000000
       -2.751503,        0.248938,        3.000000,       71.000000
       -1.509020,        0.326066,        3.000000,       71.000000
       -0.678528,        0.418942,        3.000000,       71.000000
       -0.197418,        0.499505,        3.000000,       71.000000
       -0.196140,        0.498849,        3.000000,       71.000000
       -1.137173,        0.602918,        3.000000,       71.000000
       -1.138187,        0.604063,        3.000000,       71.000000
       -1.090781,        0.518203,        3.000000,       71.000000
       -1.004051,        0.408907,        3.000000,       71.000000
       -0.876328,        0.303072,        3.000000,       71.000000
       -0.694515,        0.251393,        3.000000,       71.000000
       -0.535797,        0.270462,        3.000000,       71.000000
       -0.417170,        0.307531,        3.000000,       71.000000
       -0.227982,        0.330833,        3.000000,       71.000000
        0.005532,        0.325161,        3.000000,       71.000000
        0.263979,        0.291438,        3.000000,       71.000000
        0.541829,        0.245628,        3.000000,       71.000000
        0.757481,        0.206049,        3.000000,       71.000000
        0.858399,        0.186172,        3.000000,       71.000000
        1.036513,        0.181687,        3.000000,       71.000000
        1.200922,        0.180889,        3.000000,       71.000000
        1.295074,        0.182569,        3.000000,       71.000000
        1.438147,        0.187437,        3.000000,       71.000000
        1.525227,        0.201952,        3.000000,       71.000000
        1.446626,        0.222783,        3.000000,       71.000000
        1.256602,        0.233352,        3.000000,       71.000000
        0.979159,        0.228210,        3.000000,       71.000000
        0.651628,        0.224860,        3.000000,       71.000000
        0.360047,        0.234387,        3.000000,       71.000000
        0.110871,        0.243727,        3.000000,       71.000000
       -0.093167,        0.238432,        3.000000,       71.000000
       -0.238280,        0.219812,        3.000000,       71.000000
       -0.290433,        0.199372,        3.000000,       71.000000
       -0.304684,        0.187697,        3.000000,       71.000000
       -0.323992,        0.188349,        3.000000,       71.000000
       -0.397002,        0.189986,        3.000000,       71.000000
       -0.582064,        0.188757,        3.000000,       71.000000
       -0.896747,        0.191850,        3.000000,       71.000000
       -1.315542,        0.220064,        3.000000,       71.000000
       -1.710329,        0.301634,        3.000000,       71.000000
       -2.089671,        0.446868,        3.000000,       71.000000
       -2.471783,        0.645571,        3.000000,       71.000000
        0.211083,        0.606872,        4.000000,       71.000000
        0.280341,        0.474000,        4.000000,       71.000000
        0.350268,        0.413799,        4.000000,       71.000000
        0.399844,        0.401578,        4.000000,       71.000000
        0.432124,        0.403039,        4.000000,       71.000000
        0.467982,        0.399013,        4.000000,       71.000000
        0.513347,        0.383938,        4.000000,       71.000000
        0.578436,        0.364083,        4.000000,       71.000000
        0.651228,        0.346445,        4.000000,       71.000000
        0.695091,        0.336710,        4.000000,       71.000000
        0.774996,        0.334628,        4.000000,       71.000000
        0.813306,        0.335353,        4.000000,       71.000000
        0.745177,        0.339971,        4.000000,       71.000000
        0.683037,        0.353020,        4.000000,       71.000000
        0.642028,        0.372482,        4.000000,       71.000000
        0.611286,        0.390175,        4.000000,       71.000000
        0.588526,        0.400318,        4.000000,       71.000000
        0.574281,        0.401958,        4.000000,       71.000000
        0.579045,        0.400376,        4.000000,       71.000000
        0.620766,        0.397046,        4.000000,       71.000000
        0.683440,        0.389091,        4.000000,       71.000000
        0.745035,        0.376189,        4.000000,       71.000000
        0.786604,        0.359587,        4.000000,       71.000000
        0.809807,        0.345212,        4.000000,       71.000000
        0.836819,        0.336955,        4.000000,       71.000000
        0.842304,        0.334919,        4.000000,       71.000000
        0.832925,        0.336970,        4.000000,       71.000000
        0.861659,        0.343671,        4.000000,       71.000000
        0.868477,        0.358945,        4.000000,       71.000000
        0.828457,        0.387491,        4.000000,       71.000000
        0.762604,        0.431413,        4.000000,       71.000000
        0.706892,        0.494498,        4.000000,       71.000000
        0.676632,        0.557905,        4.000000,       71.000000
        0.676262,        0.557571,        4.000000,       71.000000
        0.655808,        0.728769,        4.000000,       71.000000
        0.655646,        0.730060,        4.000000,       71.000000
        0.663777,        0.657320,        4.000000,       71.000000
        0.677773,        0.567699,        4.000000,       71.000000
        0.698529,        0.483544,        4.000000,       71.000000
        0.724442,        0.432845,        4.000000,       71.000000
        0.759045,        0.418330,        4.000000,       71.000000
        0.796277,        0.420260,        4.000000,       71.000000
        0.810686,        0.420531,        4.000000,       71.000000
        0.792695,        0.410627,        4.000000,       71.000000
        0.740879,        0.396858,        4.000000,       71.000000
        0.679238,        0.379641,        4.000000,       71.000000
        0.615192,        0.360407,        4.000000,       71.000000
        0.574558,        0.344742,        4.000000,       71.000000
        0.515321,        0.336212,        4.000000,       71.000000
        0.460959,        0.333996,        4.000000,       71.000000
        0.422688,        0.336710,        4.000000,       71.000000
        0.384879,        0.345126,        4.000000,       71.000000
        0.330100,        0.361359,        4.000000,       71.000000
        0.301779,        0.382532,        4.000000,       71.000000
        0.305318,        0.398453,        4.000000,       71.000000
        0.341615,        0.405175,        4.000000,       71.000000
        0.402101,        0.404056,        4.000000,       71.000000
        0.466832,        0.399257,        4.000000,       71.000000
        0.487288,        0.392331,        4.000000,       71.000000
        0.461842,        0.383081,        4.000000,       71.000000
        0.441302,        0.370773,        4.000000,       71.000000
        0.418637,        0.355489,        4.000000,       71.000000
        0.415597,        0.343196,        4.000000,       71.000000
        0.435332,        0.338406,        4.000000,       71.000000
        0.433037,        0.338383,        4.000000,       71.000000
        0.421109,        0.340969,        4.000000,       71.000000
        0.410703,        0.351510,        4.000000,       71.000000
        0.365846,        0.375353,        4.000000,       71.000000
        0.304575,        0.423272,        4.000000,       71.000000
        0.234165,        0.516291,        4.000000,       71.000000
        0.164229,        0.668905,        4.000000,       71.000000
        1.859257,        0.593097,        5.000000,       71.000000
        1.803364,        0.459076,        5.000000,       71.000000
        1.751959,        0.395880,        5.000000,       71.000000
        1.623772,        0.379298,        5.000000,       71.000000
        1.424144,        0.376829,        5.000000,       71.000000
        1.163988,        0.371707,        5.000000,       71.000000
        0.915317,        0.357117,        5.000000,       71.000000
        0.733503,        0.338150,        5.000000,       71.000000
        0.619112,        0.321916,        5.000000,       71.000000
        0.535948,        0.313587,        5.000000,       71.000000
        0.431132,        0.311687,        5.000000,       71.000000
        0.304034,        0.313616,        5.000000,       71.000000
        0.209445,        0.319622,        5.000000,       71.000000
        0.246215,        0.332586,        5.000000,       71.000000
        0.285059,        0.352364,        5.000000,       71.000000
        0.280731,        0.370029,        5.000000,       71.000000
        0.160786,        0.380035,        5.000000,       71.000000
       -0.103706,        0.381173,        5.000000,       71.000000
       -0.440356,        0.376783,        5.000000,       71.000000
       -0.738950,        0.369347,        5.000000,       71.000000
       -0.914688,        0.359680,        5.000000,       71.000000
       -0.890801,        0.348348,        5.000000,       71.000000
       -0.813465,        0.334344,        5.000000,       71.000000
       -0.753395,        0.321043,        5.000000,       71.000000
       -0.716190,        0.314254,        5.000000,       71.000000
       -0.680542,        0.313740,        5.000000,       71.000000
       -0.643536,        0.316530,        5.000000,       71.000000
       -0.516385,        0.324248,        5.000000,       71.000000
       -0.277442,        0.340126,        5.000000,       71.000000
       -0.050485,        0.365364,        5.000000,       71.000000
        0.166936,        0.404023,        5.000000,       71.000000
        0.326797,        0.463990,        5.000000,       71.000000
        0.417096,        0.527155,        5.000000,       71.000000
        0.418051,        0.526963,        5.000000,       71.000000
        0.448641,        0.721243,        5.000000,       71.000000
        0.448980,        0.722523,        5.000000,       71.000000
        0.424156,        0.649135,        5.000000,       71.000000
        0.381210,        0.558333,        5.000000,       71.000000
        0.318662,        0.471909,        5.000000,       71.000000
        0.236709,        0.417364,        5.000000,       71.000000
        0.139528,        0.396418,        5.000000,       71.000000
        0.053105,        0.391464,        5.000000,       71.000000
        0.000160,        0.386935,        5.000000,       71.000000
       -0.022127,        0.374880,        5.000000,       71.000000
        0.006227,        0.363180,        5.000000,       71.000000
        0.090423,        0.350227,        5.000000,       71.000000
        0.178635,        0.335056,        5.000000,       71.000000
        0.212184,        0.321605,        5.000000,       71.000000
        0.291095,        0.314816,        5.000000,       71.000000
        0.376226,        0.313896,        5.000000,       71.000000
        0.416656,        0.316532,        5.000000,       71.000000
        0.457092,        0.325697,        5.000000,       71.000000
        0.486191,        0.343393,        5.000000,       71.000000
        0.489971,        0.364387,        5.000000,       71.000000
        0.452072,        0.379890,        5.000000,       71.000000
        0.385663,        0.385640,        5.000000,       71.000000
        0.317715,        0.381603,        5.000000,       71.000000
        0.274189,        0.373685,        5.000000,       71.000000
        0.258665,        0.364509,        5.000000,       71.000000
        0.273568,        0.354840,        5.000000,       71.000000
        0.302729,        0.343185,        5.000000,       71.000000
        0.326911,        0.328656,        5.000000,       71.000000
        0.355375,        0.317803,        5.000000,       71.000000
        0.325816,        0.313171,        5.000000,       71.000000
        0.271159,        0.314527,        5.000000,       71.000000
        0.270308,        0.318438,        5.000000,       71.000000
        0.336549,        0.328440,        5.000000,       71.000000
        0.472529,        0.350243,        5.000000,       71.000000
        0.666700,        0.392624,        5.000000,       71.000000
        0.860359,        0.477908,        5.000000,       71.000000
        1.053597,        0.624606,        5.000000,       71.000000
