      787.965302,        0.012058,        0.000000,        0.000000
     -199.359770,        0.012795,        0.000000,        0.000000
    -1676.678393,        0.012672,        0.000000,        0.000000
      -31.730309,        0.012513,        0.000000,        0.000000
     -932.408370,        0.013087,        0.000000,        0.000000
    -1675.559334,        0.012385,        0.000000,        0.000000
     -860.168540,        0.012182,        0.000000,        0.000000
     -138.395762,        0.012647,        0.000000,        0.000000
    -1668.336794,        0.012832,        0.000000,        0.000000
       -4.519963,        0.012486,        0.000000,        0.000000
      898.093369,        0.013148,        0.000000,        0.000000
    -1659.681686,        0.013146,        0.000000,        0.000000
        0.000000,        0.000000,        0.000000,        0.000000
        0.000000,        0.000000,        0.000000,        0.000000
        0.000000,        0.000000,        0.000000,        0.000000
        1.554700,        0.000000,        0.000000,        0.000000
       -1.269000,        0.000000,        0.000000,        0.000000
       23.729500,        0.000000,        0.000000,        0.000000
       -1.061283,        0.302126,        1.000000,       53.000000
       -1.420863,        0.136380,        1.000000,       53.000000
       -1.769645,        0.114699,        1.000000,       53.000000
       -2.141985,        0.104868,        1.000000,       53.000000
       -2.562789,        0.104120,        1.000000,       53.000000
       -3.117127,        0.106759,        1.000000,       53.000000
       -3.673986,        0.106202,        1.000000,       53.000000
       -3.972139,        0.111873,        1.000000,       53.000000
       -3.887819,        0.102762,        1.000000,       53.000000
       -3.529480,        0.103593,        1.000000,       53.000000
       -3.007667,        0.108783,        1.000000,       53.000000
       -2.406927,        0.103278,        1.000000,       53.000000
       -1.626543,        0.106809,        1.000000,       53.000000
       -0.577647,        0.115446,        1.000000,       53.000000
        0.606161,        0.116212,        1.000000,       53.000000
        1.533097,        0.145424,        1.000000,       53.000000
        2.099126,        0.255104,        1.000000,       53.000000
        2.370380,        0.366374,        1.000000,       53.000000
        2.244779,        0.368001,        1.000000,       53.000000
       -7.841147,        0.595378,        1.000000,       53.000000
       -7.970444,        0.597821,        1.000000,       53.000000
       -7.917353,        0.485382,        1.000000,       53.000000
       -7.717153,        0.340531,        1.000000,       53.000000
       -7.360162,        0.190741,        1.000000,       53.000000
       -6.811635,        0.108877,        1.000000,       53.000000
       -6.312292,        0.112083,        1.000000,       53.000000
       -5.856422,        0.107452,        1.000000,       53.000000
       -6.098112,        0.104189,        1.000000,       53.000000
       -6.254975,        0.107995,        1.000000,       53.000000
       -6.328252,        0.105478,        1.000000,       53.000000
       -5.310294,        0.113666,        1.000000,       53.000000
       -4.221983,        0.105358,        1.000000,       53.000000
       -2.685150,        0.104450,        1.000000,       53.000000
       -1.406899,        0.106825,        1.000000,       53.000000
       -0.252407,        0.103347,        1.000000,       53.000000
        0.114245,        0.103550,        1.000000,       53.000000
        0.334514,        0.110535,        1.000000,       53.000000
        0.476206,        0.113750,        1.000000,       53.000000
        0.416709,        0.117152,        1.000000,       53.000000
        0.055453,        0.108268,        1.000000,       53.000000
        0.045691,        0.102610,        1.000000,       53.000000
       -0.219989,        0.104787,        1.000000,       53.000000
       -0.742035,        0.104207,        1.000000,       53.000000
       -1.039310,        0.107318,        1.000000,       53.000000
       -1.069977,        0.108154,        1.000000,       53.000000
       -1.772671,        0.099923,        1.000000,       53.000000
       -2.856075,        0.100159,        1.000000,       53.000000
       -3.802497,        0.099272,        1.000000,       53.000000
       -4.450747,        0.101713,        1.000000,       53.000000
       -5.585850,        0.110940,        1.000000,       53.000000
       -6.704805,        0.113986,        1.000000,       53.000000
       -7.561842,        0.152130,        1.000000,       53.000000
       -8.437732,        0.311439,        1.000000,       53.000000
       -0.339033,        0.270801,        2.000000,       53.000000
       -0.334000,        0.184837,        2.000000,       53.000000
       -0.329235,        0.116864,        2.000000,       53.000000
       -0.323336,        0.076876,        2.000000,       53.000000
       -0.334015,        0.061945,        2.000000,       53.000000
       -0.329449,        0.064387,        2.000000,       53.000000
       -0.377544,        0.072718,        2.000000,       53.000000
       -0.418748,        0.074429,        2.000000,       53.000000
       -0.385315,        0.071594,        2.000000,       53.000000
       -0.269095,        0.070642,        2.000000,       53.000000
       -0.131808,        0.071893,        2.000000,       53.000000
        0.008786,        0.071785,        2.000000,       53.000000
        0.152452,        0.074721,        2.000000,       53.000000
        0.308366,        0.085992,        2.000000,       53.000000
        0.468612,        0.108220,        2.000000,       53.000000
        0.600319,        0.140720,        2.000000,       53.000000
        0.696298,        0.177642,        2.000000,       53.000000
        0.759828,        0.208388,        2.000000,       53.000000
        0.779608,        0.207503,        2.000000,       53.000000
        2.114741,        0.325027,        2.000000,       53.000000
        2.133216,        0.327821,        2.000000,       53.000000
        2.120759,        0.297352,        2.000000,       53.000000
        2.085573,        0.253596,        2.000000,       53.000000
        2.026289,        0.201345,        2.000000,       53.000000
        1.941030,        0.147610,        2.000000,       53.000000
        1.839122,        0.100571,        2.000000,       53.000000
        1.681963,        0.070153,        2.000000,       53.000000
        1.452733,        0.059576,        2.000000,       53.000000
        1.242404,        0.065124,        2.000000,       53.000000
        1.282264,        0.073988,        2.000000,       53.000000
        1.416339,        0.075501,        2.000000,       53.000000
        1.538200,        0.073234,        2.000000,       53.000000
        1.579070,        0.071428,        2.000000,       53.000000
        1.418224,        0.071511,        2.000000,       53.000000
        1.131733,        0.071648,        2.000000,       53.000000
        0.905395,        0.072902,        2.000000,       53.000000
        0.809964,        0.078273,        2.000000,       53.000000
        0.709438,        0.087028,        2.000000,       53.000000
        0.562443,        0.091505,        2.000000,       53.000000
        0.396774,        0.086919,        2.000000,       53.000000
        0.255477,        0.074645,        2.000000,       53.000000
        0.152641,        0.063518,        2.000000,       53.000000
        0.040653,        0.063559,        2.000000,       53.000000
        0.044593,        0.069902,        2.000000,       53.000000
        0.077215,        0.070994,        2.000000,       53.000000
        0.060117,        0.069232,        2.000000,       53.000000
        0.033202,        0.068273,        2.000000,       53.000000
        0.000958,        0.068912,        2.000000,       53.000000
        0.172548,        0.071905,        2.000000,       53.000000
        0.591937,        0.081027,        2.000000,       53.000000
        1.017775,        0.104843,        2.000000,       53.000000
        1.468935,        0.151142,        2.000000,       53.000000
        1.915534,        0.221146,        2.000000,       53.000000
        0.368193,        0.166791,        3.000000,       53.000000
        0.326039,        0.103285,        3.000000,       53.000000
        0.282747,        0.076820,        3.000000,       53.000000
        0.249314,        0.082090,        3.000000,       53.000000
        0.202027,        0.087795,        3.000000,       53.000000
        0.141613,        0.086081,        3.000000,       53.000000
        0.107103,        0.080433,        3.000000,       53.000000
        0.043654,        0.074671,        3.000000,       53.000000
       -0.045929,        0.070704,        3.000000,       53.000000
       -0.057182,        0.071334,        3.000000,       53.000000
        0.023962,        0.073495,        3.000000,       53.000000
        0.148333,        0.073086,        3.000000,       53.000000
        0.287692,        0.073967,        3.000000,       53.000000
        0.391700,        0.083688,        3.000000,       53.000000
        0.458578,        0.107175,        3.000000,       53.000000
        0.497378,        0.142740,        3.000000,       53.000000
        0.514816,        0.181528,        3.000000,       53.000000
        0.512110,        0.212969,        3.000000,       53.000000
        0.483324,        0.211970,        3.000000,       53.000000
       -1.636867,        0.236571,        3.000000,       53.000000
       -1.665911,        0.237933,        3.000000,       53.000000
       -1.683369,        0.204757,        3.000000,       53.000000
       -1.692647,        0.160758,        3.000000,       53.000000
       -1.688413,        0.114102,        3.000000,       53.000000
       -1.686108,        0.080523,        3.000000,       53.000000
       -1.606851,        0.075248,        3.000000,       53.000000
       -1.423202,        0.083412,        3.000000,       53.000000
       -1.103479,        0.088903,        3.000000,       53.000000
       -0.721862,        0.086233,        3.000000,       53.000000
       -0.271009,        0.081000,        3.000000,       53.000000
        0.073414,        0.075055,        3.000000,       53.000000
        0.199734,        0.071781,        3.000000,       53.000000
        0.142238,        0.071501,        3.000000,       53.000000
        0.009621,        0.072171,        3.000000,       53.000000
        0.000660,        0.072440,        3.000000,       53.000000
        0.149216,        0.072584,        3.000000,       53.000000
        0.300218,        0.075721,        3.000000,       53.000000
        0.352286,        0.080337,        3.000000,       53.000000
        0.307323,        0.078592,        3.000000,       53.000000
        0.154843,        0.073100,        3.000000,       53.000000
        0.044115,        0.074423,        3.000000,       53.000000
        0.036186,        0.079589,        3.000000,       53.000000
        0.034766,        0.080921,        3.000000,       53.000000
       -0.030194,        0.076938,        3.000000,       53.000000
       -0.142606,        0.071806,        3.000000,       53.000000
       -0.323022,        0.069745,        3.000000,       53.000000
       -0.471235,        0.070143,        3.000000,       53.000000
       -0.580343,        0.070630,        3.000000,       53.000000
       -0.713138,        0.071688,        3.000000,       53.000000
       -0.643690,        0.079778,        3.000000,       53.000000
       -0.478564,        0.107181,        3.000000,       53.000000
       -0.310747,        0.160283,        3.000000,       53.000000
       -0.140369,        0.235853,        3.000000,       53.000000
       -0.292471,        0.216490,        4.000000,       53.000000
       -0.234397,        0.158436,        4.000000,       53.000000
       -0.176798,        0.128759,        4.000000,       53.000000
       -0.108904,        0.121586,        4.000000,       53.000000
       -0.037326,        0.121708,        4.000000,       53.000000
        0.020112,        0.122779,        4.000000,       53.000000
        0.063038,        0.123589,        4.000000,       53.000000
        0.074771,        0.122705,        4.000000,       53.000000
        0.067700,        0.120441,        4.000000,       53.000000
        0.076759,        0.119623,        4.000000,       53.000000
        0.081984,        0.120149,        4.000000,       53.000000
        0.079540,        0.120283,        4.000000,       53.000000
        0.079280,        0.122865,        4.000000,       53.000000
        0.083619,        0.131034,        4.000000,       53.000000
        0.064842,        0.146501,        4.000000,       53.000000
        0.043050,        0.170975,        4.000000,       53.000000
        0.029421,        0.201748,        4.000000,       53.000000
        0.021391,        0.228841,        4.000000,       53.000000
        0.021262,        0.228073,        4.000000,       53.000000
        0.037632,        0.276002,        4.000000,       53.000000
        0.037539,        0.277585,        4.000000,       53.000000
        0.031763,        0.247825,        4.000000,       53.000000
        0.021486,        0.208744,        4.000000,       53.000000
        0.006442,        0.168174,        4.000000,       53.000000
       -0.014379,        0.137191,        4.000000,       53.000000
       -0.036614,        0.122742,        4.000000,       53.000000
       -0.038092,        0.119281,        4.000000,       53.000000
       -0.017471,        0.119743,        4.000000,       53.000000
        0.001771,        0.120882,        4.000000,       53.000000
        0.002467,        0.122157,        4.000000,       53.000000
       -0.009262,        0.121609,        4.000000,       53.000000
       -0.027838,        0.120032,        4.000000,       53.000000
       -0.043451,        0.119158,        4.000000,       53.000000
       -0.066751,        0.119628,        4.000000,       53.000000
       -0.082784,        0.120402,        4.000000,       53.000000
       -0.109195,        0.122113,        4.000000,       53.000000
       -0.141647,        0.126069,        4.000000,       53.000000
       -0.161081,        0.130803,        4.000000,       53.000000
       -0.163570,        0.132274,        4.000000,       53.000000
       -0.168271,        0.129766,        4.000000,       53.000000
       -0.185863,        0.126618,        4.000000,       53.000000
       -0.213946,        0.124915,        4.000000,       53.000000
       -0.249124,        0.124431,        4.000000,       53.000000
       -0.268129,        0.123575,        4.000000,       53.000000
       -0.271634,        0.121338,        4.000000,       53.000000
       -0.263859,        0.119345,        4.000000,       53.000000
       -0.241275,        0.118857,        4.000000,       53.000000
       -0.205100,        0.119534,        4.000000,       53.000000
       -0.159868,        0.122037,        4.000000,       53.000000
       -0.137116,        0.128808,        4.000000,       53.000000
       -0.114151,        0.144702,        4.000000,       53.000000
       -0.076780,        0.178976,        4.000000,       53.000000
       -0.041749,        0.238482,        4.000000,       53.000000
        0.062401,        0.210567,        5.000000,       53.000000
        0.076633,        0.151415,        5.000000,       53.000000
        0.088582,        0.119635,        5.000000,       53.000000
        0.112449,        0.109986,        5.000000,       53.000000
        0.134183,        0.107735,        5.000000,       53.000000
        0.165881,        0.107889,        5.000000,       53.000000
        0.213333,        0.109523,        5.000000,       53.000000
        0.256557,        0.109584,        5.000000,       53.000000
        0.296128,        0.108274,        5.000000,       53.000000
        0.291383,        0.108032,        5.000000,       53.000000
        0.242742,        0.108903,        5.000000,       53.000000
        0.189242,        0.109402,        5.000000,       53.000000
        0.138319,        0.111849,        5.000000,       53.000000
        0.146470,        0.119264,        5.000000,       53.000000
        0.207564,        0.133064,        5.000000,       53.000000
        0.256645,        0.156131,        5.000000,       53.000000
        0.286385,        0.186903,        5.000000,       53.000000
        0.301572,        0.214579,        5.000000,       53.000000
        0.296578,        0.214029,        5.000000,       53.000000
       -0.112752,        0.269579,        5.000000,       53.000000
       -0.117998,        0.271101,        5.000000,       53.000000
       -0.117726,        0.241178,        5.000000,       53.000000
       -0.112870,        0.202055,        5.000000,       53.000000
       -0.102998,        0.161517,        5.000000,       53.000000
       -0.087221,        0.130517,        5.000000,       53.000000
       -0.069270,        0.114449,        5.000000,       53.000000
       -0.060201,        0.107122,        5.000000,       53.000000
       -0.055825,        0.105050,        5.000000,       53.000000
       -0.038030,        0.105985,        5.000000,       53.000000
       -0.020355,        0.108922,        5.000000,       53.000000
       -0.004792,        0.109615,        5.000000,       53.000000
       -0.028210,        0.108330,        5.000000,       53.000000
       -0.064606,        0.107953,        5.000000,       53.000000
       -0.049020,        0.108901,        5.000000,       53.000000
        0.008879,        0.109741,        5.000000,       53.000000
        0.065752,        0.112146,        5.000000,       53.000000
        0.115120,        0.117209,        5.000000,       53.000000
        0.131615,        0.122368,        5.000000,       53.000000
        0.127731,        0.124023,        5.000000,       53.000000
        0.126597,        0.121159,        5.000000,       53.000000
        0.139913,        0.116230,        5.000000,       53.000000
        0.143757,        0.112197,        5.000000,       53.000000
        0.115537,        0.110849,        5.000000,       53.000000
        0.085534,        0.110652,        5.000000,       53.000000
        0.052664,        0.109039,        5.000000,       53.000000
        0.018972,        0.107400,        5.000000,       53.000000
       -0.017585,        0.107512,        5.000000,       53.000000
       -0.043186,        0.108731,        5.000000,       53.000000
       -0.062300,        0.111850,        5.000000,       53.000000
       -0.065898,        0.119155,        5.000000,       53.000000
       -0.036908,        0.133718,        5.000000,       53.000000
       -0.015570,        0.166486,        5.000000,       53.000000
        0.009886,        0.225136,        5.000000,       53.000000
