      787.755508,        0.024075,        0.000000,        0.000000
     -199.245776,        0.024853,        0.000000,        0.000000
    -1676.783522,        0.024505,        0.000000,        0.000000
      -31.884842,        0.024987,        0.000000,        0.000000
     -932.348093,        0.023644,        0.000000,        0.000000
    -1675.721288,        0.024095,        0.000000,        0.000000
     -860.327618,        0.024660,        0.000000,        0.000000
     -138.295062,        0.024685,        0.000000,        0.000000
    -1668.506948,        0.025432,        0.000000,        0.000000
       -4.662137,        0.026489,        0.000000,        0.000000
      898.192744,        0.025217,        0.000000,        0.000000
    -1659.741177,        0.026913,        0.000000,        0.000000
        0.000000,        0.000000,        0.000000,        0.000000
        0.000000,        0.000000,        0.000000,        0.000000
        0.000000,        0.000000,        0.000000,        0.000000
        1.939200,        0.000000,        0.000000,        0.000000
       -0.765300,        0.000000,        0.000000,        0.000000
       21.333900,        0.000000,        0.000000,        0.000000
        3.325406,        0.445873,        1.000000,       33.000000
        3.049563,        0.244921,        1.000000,       33.000000
        2.754151,        0.178521,        1.000000,       33.000000
        2.040049,        0.190045,        1.000000,       33.000000
        1.506068,        0.175760,        1.000000,       33.000000
        0.964207,        0.181919,        1.000000,       33.000000
        0.250726,        0.179092,        1.000000,       33.000000
       -0.673767,        0.183090,        1.000000,       33.000000
       -2.139344,        0.180277,        1.000000,       33.000000
       -2.857620,        0.172373,        1.000000,       33.000000
       -2.990650,        0.182698,        1.000000,       33.000000
       -2.475024,        0.173242,        1.000000,       33.000000
       -1.730068,        0.157060,        1.000000,       33.000000
       -0.895338,        0.164904,        1.000000,       33.000000
       -0.772119,        0.176530,        1.000000,       33.000000
       -0.048804,        0.176995,        1.000000,       33.000000
        0.115979,        0.177563,        1.000000,       33.000000
        0.440438,        0.194122,        1.000000,       33.000000
        0.387233,        0.179736,        1.000000,       33.000000
       -0.173550,        0.171338,        1.000000,       33.000000
       -0.906456,        0.185465,        1.000000,       33.000000
       -1.968403,        0.174699,        1.000000,       33.000000
       -2.484166,        0.178929,        1.000000,       33.000000
       -2.377299,        0.185042,        1.000000,       33.000000
       -1.979490,        0.173748,        1.000000,       33.000000
       -1.523789,        0.198740,        1.000000,       33.000000
       -1.319306,        0.201104,        1.000000,       33.000000
       -1.850512,        0.191800,        1.000000,       33.000000
       -1.500443,        0.187047,        1.000000,       33.000000
       -1.541123,        0.192015,        1.000000,       33.000000
       -0.864113,        0.258508,        1.000000,       33.000000
        0.094958,        0.404910,        1.000000,       33.000000
        0.933552,        0.644381,        1.000000,       33.000000
        0.718205,        0.515856,        2.000000,       33.000000
        0.486376,        0.403173,        2.000000,       33.000000
        0.254289,        0.305405,        2.000000,       33.000000
        0.027322,        0.226283,        2.000000,       33.000000
       -0.196364,        0.172532,        2.000000,       33.000000
       -0.392213,        0.143691,        2.000000,       33.000000
       -0.450012,        0.132924,        2.000000,       33.000000
       -0.263781,        0.133975,        2.000000,       33.000000
        0.096440,        0.138650,        2.000000,       33.000000
        0.473621,        0.139463,        2.000000,       33.000000
        0.882571,        0.136040,        2.000000,       33.000000
        1.290063,        0.129662,        2.000000,       33.000000
        1.660387,        0.126529,        2.000000,       33.000000
        1.909321,        0.128869,        2.000000,       33.000000
        1.967555,        0.140209,        2.000000,       33.000000
        2.030329,        0.154853,        2.000000,       33.000000
        2.066867,        0.163548,        2.000000,       33.000000
        2.067430,        0.163448,        2.000000,       33.000000
        2.017556,        0.156240,        2.000000,       33.000000
        1.910204,        0.146619,        2.000000,       33.000000
        1.883330,        0.134703,        2.000000,       33.000000
        1.990772,        0.126252,        2.000000,       33.000000
        2.166333,        0.126379,        2.000000,       33.000000
        2.409209,        0.134547,        2.000000,       33.000000
        2.642205,        0.142044,        2.000000,       33.000000
        2.747136,        0.145102,        2.000000,       33.000000
        2.669136,        0.143788,        2.000000,       33.000000
        2.329805,        0.139452,        2.000000,       33.000000
        1.589335,        0.142314,        2.000000,       33.000000
        0.629010,        0.152284,        2.000000,       33.000000
       -0.259684,        0.179762,        2.000000,       33.000000
       -1.094240,        0.237644,        2.000000,       33.000000
       -1.941563,        0.318854,        2.000000,       33.000000
       -1.799823,        0.242648,        3.000000,       33.000000
       -1.383385,        0.174510,        3.000000,       33.000000
       -0.963336,        0.141634,        3.000000,       33.000000
       -0.637880,        0.140686,        3.000000,       33.000000
       -0.468235,        0.153488,        3.000000,       33.000000
       -0.479228,        0.164467,        3.000000,       33.000000
       -0.622205,        0.170142,        3.000000,       33.000000
       -0.816362,        0.166841,        3.000000,       33.000000
       -0.988237,        0.156570,        3.000000,       33.000000
       -1.054282,        0.145113,        3.000000,       33.000000
       -1.081905,        0.133238,        3.000000,       33.000000
       -1.101231,        0.125400,        3.000000,       33.000000
       -1.119009,        0.121756,        3.000000,       33.000000
       -1.098849,        0.122277,        3.000000,       33.000000
       -1.174818,        0.122883,        3.000000,       33.000000
       -1.325799,        0.123846,        3.000000,       33.000000
       -1.339867,        0.127471,        3.000000,       33.000000
       -1.234896,        0.134895,        3.000000,       33.000000
       -1.104539,        0.144955,        3.000000,       33.000000
       -0.991220,        0.153162,        3.000000,       33.000000
       -0.794481,        0.161065,        3.000000,       33.000000
       -0.509505,        0.166202,        3.000000,       33.000000
       -0.195164,        0.164498,        3.000000,       33.000000
        0.102691,        0.157064,        3.000000,       33.000000
        0.338667,        0.149710,        3.000000,       33.000000
        0.477371,        0.143209,        3.000000,       33.000000
        0.429956,        0.135849,        3.000000,       33.000000
        0.124618,        0.130567,        3.000000,       33.000000
       -0.246428,        0.129266,        3.000000,       33.000000
       -0.414913,        0.146090,        3.000000,       33.000000
       -0.468587,        0.188570,        3.000000,       33.000000
       -0.549510,        0.254704,        3.000000,       33.000000
       -0.632618,        0.342770,        3.000000,       33.000000
        0.281131,        0.334590,        4.000000,       33.000000
        0.176234,        0.284072,        4.000000,       33.000000
        0.071848,        0.260045,        4.000000,       33.000000
       -0.033182,        0.253699,        4.000000,       33.000000
       -0.134236,        0.254395,        4.000000,       33.000000
       -0.206898,        0.255984,        4.000000,       33.000000
       -0.252726,        0.256301,        4.000000,       33.000000
       -0.284368,        0.253754,        4.000000,       33.000000
       -0.305082,        0.248300,        4.000000,       33.000000
       -0.303464,        0.240992,        4.000000,       33.000000
       -0.283142,        0.232563,        4.000000,       33.000000
       -0.241601,        0.224793,        4.000000,       33.000000
       -0.167863,        0.219619,        4.000000,       33.000000
       -0.068419,        0.218872,        4.000000,       33.000000
        0.064783,        0.222057,        4.000000,       33.000000
        0.192860,        0.228170,        4.000000,       33.000000
        0.278607,        0.235310,        4.000000,       33.000000
        0.313227,        0.241490,        4.000000,       33.000000
        0.296456,        0.246388,        4.000000,       33.000000
        0.231984,        0.250303,        4.000000,       33.000000
        0.129347,        0.253056,        4.000000,       33.000000
        0.012401,        0.253953,        4.000000,       33.000000
       -0.083000,        0.252550,        4.000000,       33.000000
       -0.157566,        0.249466,        4.000000,       33.000000
       -0.203587,        0.244495,        4.000000,       33.000000
       -0.218159,        0.237514,        4.000000,       33.000000
       -0.202928,        0.228814,        4.000000,       33.000000
       -0.162301,        0.220704,        4.000000,       33.000000
       -0.079395,        0.214379,        4.000000,       33.000000
        0.013540,        0.212310,        4.000000,       33.000000
        0.102233,        0.218829,        4.000000,       33.000000
        0.189251,        0.244445,        4.000000,       33.000000
        0.277126,        0.297994,        4.000000,       33.000000
       -0.382002,        0.322812,        5.000000,       33.000000
       -0.310493,        0.272568,        5.000000,       33.000000
       -0.237404,        0.247262,        5.000000,       33.000000
       -0.177075,        0.237687,        5.000000,       33.000000
       -0.133214,        0.233905,        5.000000,       33.000000
       -0.109659,        0.231391,        5.000000,       33.000000
       -0.098716,        0.229162,        5.000000,       33.000000
       -0.096831,        0.226762,        5.000000,       33.000000
       -0.111212,        0.223122,        5.000000,       33.000000
       -0.139189,        0.217976,        5.000000,       33.000000
       -0.174855,        0.211665,        5.000000,       33.000000
       -0.206195,        0.205808,        5.000000,       33.000000
       -0.236034,        0.203486,        5.000000,       33.000000
       -0.261320,        0.205150,        5.000000,       33.000000
       -0.290240,        0.211123,        5.000000,       33.000000
       -0.324431,        0.219437,        5.000000,       33.000000
       -0.354725,        0.226189,        5.000000,       33.000000
       -0.369026,        0.229372,        5.000000,       33.000000
       -0.355050,        0.229190,        5.000000,       33.000000
       -0.299514,        0.227608,        5.000000,       33.000000
       -0.228471,        0.225984,        5.000000,       33.000000
       -0.158933,        0.224778,        5.000000,       33.000000
       -0.089778,        0.223737,        5.000000,       33.000000
       -0.019434,        0.222816,        5.000000,       33.000000
        0.037470,        0.220835,        5.000000,       33.000000
        0.074950,        0.216695,        5.000000,       33.000000
        0.085195,        0.210098,        5.000000,       33.000000
        0.059636,        0.202883,        5.000000,       33.000000
        0.002312,        0.198661,        5.000000,       33.000000
       -0.084858,        0.198132,        5.000000,       33.000000
       -0.192711,        0.206784,        5.000000,       33.000000
       -0.290930,        0.235908,        5.000000,       33.000000
       -0.388896,        0.291887,        5.000000,       33.000000
