      788.002700,        0.000000,        0.000000,        0.000000
     -199.353200,        0.000000,        0.000000,        0.000000
    -1676.758100,        0.000000,        0.000000,        0.000000
      -31.737100,        0.000000,        0.000000,        0.000000
     -932.468200,        0.000000,        0.000000,        0.000000
    -1675.639600,        0.000000,        0.000000,        0.000000
     -860.235900,        0.000000,        0.000000,        0.000000
     -138.386300,        0.000000,        0.000000,        0.000000
    -1668.392600,        0.000000,        0.000000,        0.000000
       -4.541000,        0.000000,        0.000000,        0.000000
      898.146200,        0.000000,        0.000000,        0.000000
    -1659.717000,        0.000000,        0.000000,        0.000000
       -0.012991,        0.010984,        0.000000,        0.000000
        0.010861,        0.010451,        0.000000,        0.000000
        0.045119,        0.005646,        0.000000,        0.000000
        1.554700,        0.000000,        0.000000,        0.000000
       -1.269000,        0.000000,        0.000000,        0.000000
       23.729500,        0.000000,        0.000000,        0.000000
       -4.566034,        0.370591,        1.000000,       48.000000
       -4.477859,        0.203951,        1.000000,       48.000000
       -4.389934,        0.132413,        1.000000,       48.000000
       -4.283316,        0.125708,        1.000000,       48.000000
       -4.198918,        0.123834,        1.000000,       48.000000
       -4.192355,        0.122446,        1.000000,       48.000000
       -4.286033,        0.125533,        1.000000,       48.000000
       -4.440665,        0.127662,        1.000000,       48.000000
       -4.581186,        0.121602,        1.000000,       48.000000
       -4.682261,        0.116380,        1.000000,       48.000000
       -4.614954,        0.117400,        1.000000,       48.000000
       -4.316552,        0.117432,        1.000000,       48.000000
       -3.792069,        0.117152,        1.000000,       48.000000
       -3.171970,        0.122032,        1.000000,       48.000000
       -2.562886,        0.129668,        1.000000,       48.000000
       -1.988822,        0.135124,        1.000000,       48.000000
       -1.424256,        0.138285,        1.000000,       48.000000
       -0.928197,        0.129031,        1.000000,       48.000000
       -0.600100,        0.123562,        1.000000,       48.000000
       -0.426951,        0.121767,        1.000000,       48.000000
       -0.379897,        0.121648,        1.000000,       48.000000
       -0.438839,        0.124039,        1.000000,       48.000000
       -0.574719,        0.125986,        1.000000,       48.000000
       -0.810732,        0.122119,        1.000000,       48.000000
       -1.110296,        0.116984,        1.000000,       48.000000
       -1.361387,        0.116585,        1.000000,       48.000000
       -1.522977,        0.116853,        1.000000,       48.000000
       -1.607098,        0.116778,        1.000000,       48.000000
       -1.831315,        0.120544,        1.000000,       48.000000
       -2.224135,        0.127424,        1.000000,       48.000000
       -2.810664,        0.132331,        1.000000,       48.000000
       -3.560489,        0.135164,        1.000000,       48.000000
       -4.355524,        0.129321,        1.000000,       48.000000
       -5.083953,        0.124040,        1.000000,       48.000000
       -5.799940,        0.121842,        1.000000,       48.000000
       -6.575834,        0.122110,        1.000000,       48.000000
       -7.400615,        0.126613,        1.000000,       48.000000
       -7.955844,        0.130437,        1.000000,       48.000000
       -8.113079,        0.125233,        1.000000,       48.000000
       -7.880143,        0.117864,        1.000000,       48.000000
       -7.318077,        0.117810,        1.000000,       48.000000
       -6.614272,        0.118659,        1.000000,       48.000000
       -6.052495,        0.118586,        1.000000,       48.000000
       -5.793272,        0.125306,        1.000000,       48.000000
       -5.851166,        0.135136,        1.000000,       48.000000
       -6.091337,        0.147519,        1.000000,       48.000000
       -6.374953,        0.221153,        1.000000,       48.000000
       -6.655643,        0.382214,        1.000000,       48.000000
        0.319526,        0.342005,        2.000000,       48.000000
        0.270137,        0.255684,        2.000000,       48.000000
        0.220752,        0.181658,        2.000000,       48.000000
        0.171380,        0.124870,        2.000000,       48.000000
        0.122087,        0.090888,        2.000000,       48.000000
        0.068844,        0.082136,        2.000000,       48.000000
        0.005724,        0.087155,        2.000000,       48.000000
       -0.062100,        0.092122,        2.000000,       48.000000
       -0.122846,        0.092222,        2.000000,       48.000000
       -0.161655,        0.090263,        2.000000,       48.000000
       -0.172750,        0.088654,        2.000000,       48.000000
       -0.170929,        0.088815,        2.000000,       48.000000
       -0.169220,        0.091655,        2.000000,       48.000000
       -0.160208,        0.097903,        2.000000,       48.000000
       -0.143396,        0.106861,        2.000000,       48.000000
       -0.115707,        0.114603,        2.000000,       48.000000
       -0.084935,        0.117257,        2.000000,       48.000000
       -0.057428,        0.112817,        2.000000,       48.000000
       -0.039831,        0.102432,        2.000000,       48.000000
       -0.036973,        0.090870,        2.000000,       48.000000
       -0.043594,        0.084469,        2.000000,       48.000000
       -0.055940,        0.085049,        2.000000,       48.000000
       -0.072809,        0.087990,        2.000000,       48.000000
       -0.094170,        0.088608,        2.000000,       48.000000
       -0.111456,        0.087935,        2.000000,       48.000000
       -0.122559,        0.087003,        2.000000,       48.000000
       -0.134791,        0.087645,        2.000000,       48.000000
       -0.160324,        0.090446,        2.000000,       48.000000
       -0.192038,        0.096175,        2.000000,       48.000000
       -0.215879,        0.104777,        2.000000,       48.000000
       -0.220407,        0.112643,        2.000000,       48.000000
       -0.208909,        0.115700,        2.000000,       48.000000
       -0.181101,        0.111861,        2.000000,       48.000000
       -0.136342,        0.101814,        2.000000,       48.000000
       -0.075954,        0.090242,        2.000000,       48.000000
       -0.001289,        0.084197,        2.000000,       48.000000
        0.090280,        0.085604,        2.000000,       48.000000
        0.196974,        0.089634,        2.000000,       48.000000
        0.300076,        0.090780,        2.000000,       48.000000
        0.388254,        0.090277,        2.000000,       48.000000
        0.449088,        0.089431,        2.000000,       48.000000
        0.471219,        0.089470,        2.000000,       48.000000
        0.456389,        0.092483,        2.000000,       48.000000
        0.421580,        0.103336,        2.000000,       48.000000
        0.387129,        0.128488,        2.000000,       48.000000
        0.349649,        0.170757,        2.000000,       48.000000
        0.309787,        0.229779,        2.000000,       48.000000
        0.270013,        0.303780,        2.000000,       48.000000
        0.299678,        0.208615,        3.000000,       48.000000
        0.217757,        0.147900,        3.000000,       48.000000
        0.135901,        0.112204,        3.000000,       48.000000
        0.056737,        0.103147,        3.000000,       48.000000
       -0.008098,        0.105422,        3.000000,       48.000000
       -0.047274,        0.106780,        3.000000,       48.000000
       -0.064727,        0.103546,        3.000000,       48.000000
       -0.068351,        0.097773,        3.000000,       48.000000
       -0.072241,        0.092177,        3.000000,       48.000000
       -0.081166,        0.088294,        3.000000,       48.000000
       -0.086807,        0.086771,        3.000000,       48.000000
       -0.088478,        0.086975,        3.000000,       48.000000
       -0.087047,        0.088765,        3.000000,       48.000000
       -0.072236,        0.092541,        3.000000,       48.000000
       -0.029813,        0.096950,        3.000000,       48.000000
        0.041086,        0.098985,        3.000000,       48.000000
        0.123237,        0.096429,        3.000000,       48.000000
        0.195352,        0.092396,        3.000000,       48.000000
        0.237701,        0.092562,        3.000000,       48.000000
        0.252502,        0.096929,        3.000000,       48.000000
        0.245458,        0.100141,        3.000000,       48.000000
        0.213030,        0.099378,        3.000000,       48.000000
        0.152439,        0.095589,        3.000000,       48.000000
        0.064140,        0.091255,        3.000000,       48.000000
       -0.039457,        0.087796,        3.000000,       48.000000
       -0.146536,        0.086077,        3.000000,       48.000000
       -0.235077,        0.085754,        3.000000,       48.000000
       -0.283526,        0.087236,        3.000000,       48.000000
       -0.284888,        0.090451,        3.000000,       48.000000
       -0.253738,        0.094719,        3.000000,       48.000000
       -0.214569,        0.097701,        3.000000,       48.000000
       -0.178007,        0.096720,        3.000000,       48.000000
       -0.153136,        0.094250,        3.000000,       48.000000
       -0.132080,        0.095042,        3.000000,       48.000000
       -0.105942,        0.099021,        3.000000,       48.000000
       -0.083658,        0.101894,        3.000000,       48.000000
       -0.072898,        0.101404,        3.000000,       48.000000
       -0.078398,        0.098741,        3.000000,       48.000000
       -0.086304,        0.094834,        3.000000,       48.000000
       -0.098868,        0.091359,        3.000000,       48.000000
       -0.119401,        0.089368,        3.000000,       48.000000
       -0.139958,        0.088528,        3.000000,       48.000000
       -0.154543,        0.090418,        3.000000,       48.000000
       -0.156418,        0.100905,        3.000000,       48.000000
       -0.155591,        0.128259,        3.000000,       48.000000
       -0.156131,        0.175836,        3.000000,       48.000000
       -0.158151,        0.240942,        3.000000,       48.000000
       -0.159981,        0.320095,        3.000000,       48.000000
        0.472207,        0.194683,        4.000000,       48.000000
        0.425737,        0.135643,        4.000000,       48.000000
        0.379625,        0.098418,        4.000000,       48.000000
        0.341704,        0.082737,        4.000000,       48.000000
        0.323176,        0.078500,        4.000000,       48.000000
        0.310841,        0.078181,        4.000000,       48.000000
        0.292342,        0.078503,        4.000000,       48.000000
        0.265645,        0.078413,        4.000000,       48.000000
        0.234675,        0.076885,        4.000000,       48.000000
        0.205907,        0.075628,        4.000000,       48.000000
        0.184912,        0.075616,        4.000000,       48.000000
        0.177648,        0.076036,        4.000000,       48.000000
        0.186926,        0.077079,        4.000000,       48.000000
        0.208224,        0.080039,        4.000000,       48.000000
        0.238808,        0.084279,        4.000000,       48.000000
        0.275016,        0.087581,        4.000000,       48.000000
        0.304959,        0.088403,        4.000000,       48.000000
        0.318274,        0.085717,        4.000000,       48.000000
        0.317199,        0.082331,        4.000000,       48.000000
        0.303426,        0.080359,        4.000000,       48.000000
        0.301986,        0.079294,        4.000000,       48.000000
        0.309701,        0.078674,        4.000000,       48.000000
        0.321739,        0.077957,        4.000000,       48.000000
        0.334627,        0.076707,        4.000000,       48.000000
        0.332695,        0.075770,        4.000000,       48.000000
        0.324336,        0.075378,        4.000000,       48.000000
        0.314794,        0.075843,        4.000000,       48.000000
        0.293682,        0.076900,        4.000000,       48.000000
        0.255595,        0.078963,        4.000000,       48.000000
        0.194933,        0.082686,        4.000000,       48.000000
        0.130121,        0.086284,        4.000000,       48.000000
        0.083074,        0.087829,        4.000000,       48.000000
        0.061579,        0.086327,        4.000000,       48.000000
        0.070230,        0.083533,        4.000000,       48.000000
        0.102284,        0.081293,        4.000000,       48.000000
        0.131546,        0.079851,        4.000000,       48.000000
        0.148796,        0.079273,        4.000000,       48.000000
        0.155102,        0.079210,        4.000000,       48.000000
        0.149113,        0.077973,        4.000000,       48.000000
        0.120441,        0.076936,        4.000000,       48.000000
        0.086256,        0.076787,        4.000000,       48.000000
        0.084981,        0.077334,        4.000000,       48.000000
        0.107993,        0.078330,        4.000000,       48.000000
        0.126425,        0.080954,        4.000000,       48.000000
        0.133112,        0.088833,        4.000000,       48.000000
        0.128380,        0.108136,        4.000000,       48.000000
        0.118308,        0.147363,        4.000000,       48.000000
        0.107821,        0.207381,        4.000000,       48.000000
       -0.193733,        0.182766,        5.000000,       48.000000
       -0.163409,        0.123784,        5.000000,       48.000000
       -0.132737,        0.087687,        5.000000,       48.000000
       -0.124352,        0.075412,        5.000000,       48.000000
       -0.143354,        0.074429,        5.000000,       48.000000
       -0.162589,        0.075443,        5.000000,       48.000000
       -0.170312,        0.075684,        5.000000,       48.000000
       -0.161425,        0.074785,        5.000000,       48.000000
       -0.131678,        0.072773,        5.000000,       48.000000
       -0.085100,        0.071338,        5.000000,       48.000000
       -0.057284,        0.070757,        5.000000,       48.000000
       -0.057983,        0.070791,        5.000000,       48.000000
       -0.077586,        0.071225,        5.000000,       48.000000
       -0.115554,        0.072876,        5.000000,       48.000000
       -0.173137,        0.076211,        5.000000,       48.000000
       -0.231812,        0.079215,        5.000000,       48.000000
       -0.280782,        0.080294,        5.000000,       48.000000
       -0.310155,        0.078675,        5.000000,       48.000000
       -0.306729,        0.076857,        5.000000,       48.000000
       -0.270209,        0.076066,        5.000000,       48.000000
       -0.222039,        0.075541,        5.000000,       48.000000
       -0.175336,        0.074924,        5.000000,       48.000000
       -0.139304,        0.074244,        5.000000,       48.000000
       -0.100325,        0.072312,        5.000000,       48.000000
       -0.065787,        0.070624,        5.000000,       48.000000
       -0.048529,        0.070143,        5.000000,       48.000000
       -0.053570,        0.070229,        5.000000,       48.000000
       -0.072035,        0.070654,        5.000000,       48.000000
       -0.093550,        0.072702,        5.000000,       48.000000
       -0.137934,        0.076253,        5.000000,       48.000000
       -0.203515,        0.079347,        5.000000,       48.000000
       -0.272383,        0.080666,        5.000000,       48.000000
       -0.341828,        0.079447,        5.000000,       48.000000
       -0.408745,        0.077477,        5.000000,       48.000000
       -0.452962,        0.075900,        5.000000,       48.000000
       -0.446547,        0.075125,        5.000000,       48.000000
       -0.399086,        0.074939,        5.000000,       48.000000
       -0.324280,        0.075130,        5.000000,       48.000000
       -0.231719,        0.073406,        5.000000,       48.000000
       -0.146098,        0.071582,        5.000000,       48.000000
       -0.093929,        0.071191,        5.000000,       48.000000
       -0.081288,        0.071359,        5.000000,       48.000000
       -0.097307,        0.071804,        5.000000,       48.000000
       -0.121632,        0.074414,        5.000000,       48.000000
       -0.125389,        0.081615,        5.000000,       48.000000
       -0.117806,        0.099022,        5.000000,       48.000000
       -0.101139,        0.136517,        5.000000,       48.000000
       -0.084773,        0.195291,        5.000000,       48.000000
