      788.002700,        0.000000,        0.000000,        0.000000
     -199.353200,        0.000000,        0.000000,        0.000000
    -1676.758100,        0.000000,        0.000000,        0.000000
      -31.737100,        0.000000,        0.000000,        0.000000
     -932.468200,        0.000000,        0.000000,        0.000000
    -1675.639600,        0.000000,        0.000000,        0.000000
     -860.235900,        0.000000,        0.000000,        0.000000
     -138.386300,        0.000000,        0.000000,        0.000000
    -1668.392600,        0.000000,        0.000000,        0.000000
       -4.541000,        0.000000,        0.000000,        0.000000
      898.146200,        0.000000,        0.000000,        0.000000
    -1659.717000,        0.000000,        0.000000,        0.000000
       -0.049609,        0.008623,        0.000000,        0.000000
        0.028722,        0.008706,        0.000000,        0.000000
       -0.005967,        0.004319,        0.000000,        0.000000
        1.554700,        0.000000,        0.000000,        0.000000
       -1.269000,        0.000000,        0.000000,        0.000000
       23.729500,        0.000000,        0.000000,        0.000000
       -3.591884,        0.147561,        1.000000,       48.000000
       -3.068382,        0.088155,        1.000000,       48.000000
       -2.531665,        0.061371,        1.000000,       48.000000
       -2.012136,        0.056850,        1.000000,       48.000000
       -1.643457,        0.056126,        1.000000,       48.000000
       -1.351552,        0.055855,        1.000000,       48.000000
       -1.005495,        0.057126,        1.000000,       48.000000
       -0.697497,        0.057846,        1.000000,       48.000000
       -0.585577,        0.055720,        1.000000,       48.000000
       -0.734428,        0.054186,        1.000000,       48.000000
       -1.002572,        0.054852,        1.000000,       48.000000
       -1.153455,        0.054836,        1.000000,       48.000000
       -1.120536,        0.054779,        1.000000,       48.000000
       -1.014383,        0.057509,        1.000000,       48.000000
       -0.989823,        0.061522,        1.000000,       48.000000
       -1.094945,        0.064183,        1.000000,       48.000000
       -1.239777,        0.064734,        1.000000,       48.000000
       -1.328974,        0.060346,        1.000000,       48.000000
       -1.343587,        0.056769,        1.000000,       48.000000
       -1.274390,        0.055126,        1.000000,       48.000000
       -1.146678,        0.055742,        1.000000,       48.000000
       -1.043487,        0.057459,        1.000000,       48.000000
       -0.992804,        0.057642,        1.000000,       48.000000
       -0.972757,        0.055286,        1.000000,       48.000000
       -1.053180,        0.054098,        1.000000,       48.000000
       -1.404197,        0.054590,        1.000000,       48.000000
       -2.081501,        0.054478,        1.000000,       48.000000
       -2.948309,        0.055626,        1.000000,       48.000000
       -3.752202,        0.059288,        1.000000,       48.000000
       -4.307634,        0.062622,        1.000000,       48.000000
       -4.548926,        0.063899,        1.000000,       48.000000
       -4.518279,        0.062601,        1.000000,       48.000000
       -4.297992,        0.058898,        1.000000,       48.000000
       -4.006877,        0.056051,        1.000000,       48.000000
       -3.674505,        0.054920,        1.000000,       48.000000
       -3.333707,        0.055620,        1.000000,       48.000000
       -3.066028,        0.058113,        1.000000,       48.000000
       -3.033706,        0.059907,        1.000000,       48.000000
       -3.035081,        0.057469,        1.000000,       48.000000
       -2.819907,        0.054682,        1.000000,       48.000000
       -2.391325,        0.054397,        1.000000,       48.000000
       -1.918900,        0.054821,        1.000000,       48.000000
       -1.656904,        0.054882,        1.000000,       48.000000
       -1.715672,        0.057727,        1.000000,       48.000000
       -2.080073,        0.062613,        1.000000,       48.000000
       -2.576077,        0.069776,        1.000000,       48.000000
       -3.036057,        0.097931,        1.000000,       48.000000
       -3.490682,        0.156106,        1.000000,       48.000000
        0.144349,        0.131335,        2.000000,       48.000000
        0.240552,        0.099979,        2.000000,       48.000000
        0.336177,        0.073393,        2.000000,       48.000000
        0.434180,        0.053472,        2.000000,       48.000000
        0.519074,        0.042095,        2.000000,       48.000000
        0.572216,        0.039682,        2.000000,       48.000000
        0.569922,        0.041940,        2.000000,       48.000000
        0.511148,        0.044453,        2.000000,       48.000000
        0.424094,        0.045444,        2.000000,       48.000000
        0.341862,        0.045616,        2.000000,       48.000000
        0.273509,        0.045756,        2.000000,       48.000000
        0.213879,        0.046322,        2.000000,       48.000000
        0.143749,        0.047723,        2.000000,       48.000000
        0.075561,        0.050135,        2.000000,       48.000000
        0.016913,        0.052888,        2.000000,       48.000000
       -0.032032,        0.054589,        2.000000,       48.000000
       -0.076187,        0.054317,        2.000000,       48.000000
       -0.112974,        0.051775,        2.000000,       48.000000
       -0.140775,        0.047744,        2.000000,       48.000000
       -0.155940,        0.043975,        2.000000,       48.000000
       -0.151479,        0.042451,        2.000000,       48.000000
       -0.113068,        0.043195,        2.000000,       48.000000
       -0.051000,        0.044408,        2.000000,       48.000000
        0.017815,        0.044962,        2.000000,       48.000000
        0.083655,        0.045191,        2.000000,       48.000000
        0.135602,        0.045593,        2.000000,       48.000000
        0.183207,        0.046469,        2.000000,       48.000000
        0.239013,        0.048134,        2.000000,       48.000000
        0.301739,        0.050537,        2.000000,       48.000000
        0.362712,        0.052750,        2.000000,       48.000000
        0.415670,        0.053451,        2.000000,       48.000000
        0.456319,        0.051957,        2.000000,       48.000000
        0.480718,        0.048217,        2.000000,       48.000000
        0.485583,        0.043423,        2.000000,       48.000000
        0.469904,        0.039699,        2.000000,       48.000000
        0.442741,        0.039245,        2.000000,       48.000000
        0.410018,        0.041383,        2.000000,       48.000000
        0.368011,        0.043796,        2.000000,       48.000000
        0.336709,        0.045024,        2.000000,       48.000000
        0.326272,        0.045525,        2.000000,       48.000000
        0.317538,        0.045736,        2.000000,       48.000000
        0.297694,        0.046277,        2.000000,       48.000000
        0.260731,        0.048078,        2.000000,       48.000000
        0.210555,        0.052929,        2.000000,       48.000000
        0.174233,        0.063090,        2.000000,       48.000000
        0.155901,        0.079532,        2.000000,       48.000000
        0.145355,        0.102065,        2.000000,       48.000000
        0.134281,        0.129923,        2.000000,       48.000000
       -0.285970,        0.086425,        3.000000,       48.000000
       -0.331239,        0.065161,        3.000000,       48.000000
       -0.377695,        0.052620,        3.000000,       48.000000
       -0.412123,        0.048821,        3.000000,       48.000000
       -0.426899,        0.049052,        3.000000,       48.000000
       -0.423754,        0.049653,        3.000000,       48.000000
       -0.391566,        0.049233,        3.000000,       48.000000
       -0.331360,        0.048120,        3.000000,       48.000000
       -0.262892,        0.046867,        3.000000,       48.000000
       -0.209952,        0.046033,        3.000000,       48.000000
       -0.184709,        0.045868,        3.000000,       48.000000
       -0.181612,        0.046038,        3.000000,       48.000000
       -0.192471,        0.046557,        3.000000,       48.000000
       -0.202054,        0.047707,        3.000000,       48.000000
       -0.194173,        0.049069,        3.000000,       48.000000
       -0.171311,        0.049626,        3.000000,       48.000000
       -0.146694,        0.048882,        3.000000,       48.000000
       -0.128692,        0.047615,        3.000000,       48.000000
       -0.122728,        0.047358,        3.000000,       48.000000
       -0.121742,        0.047994,        3.000000,       48.000000
       -0.117593,        0.048340,        3.000000,       48.000000
       -0.106446,        0.047963,        3.000000,       48.000000
       -0.088459,        0.047150,        3.000000,       48.000000
       -0.061112,        0.046364,        3.000000,       48.000000
       -0.037529,        0.045913,        3.000000,       48.000000
       -0.027584,        0.045848,        3.000000,       48.000000
       -0.034766,        0.046118,        3.000000,       48.000000
       -0.049363,        0.046796,        3.000000,       48.000000
       -0.066199,        0.047918,        3.000000,       48.000000
       -0.079889,        0.048990,        3.000000,       48.000000
       -0.097692,        0.048974,        3.000000,       48.000000
       -0.123137,        0.047831,        3.000000,       48.000000
       -0.159564,        0.046726,        3.000000,       48.000000
       -0.210118,        0.046948,        3.000000,       48.000000
       -0.266606,        0.047781,        3.000000,       48.000000
       -0.311673,        0.048270,        3.000000,       48.000000
       -0.319913,        0.048238,        3.000000,       48.000000
       -0.282967,        0.047848,        3.000000,       48.000000
       -0.214105,        0.047094,        3.000000,       48.000000
       -0.120109,        0.046411,        3.000000,       48.000000
       -0.022237,        0.046163,        3.000000,       48.000000
        0.078520,        0.046253,        3.000000,       48.000000
        0.186635,        0.047234,        3.000000,       48.000000
        0.301877,        0.051075,        3.000000,       48.000000
        0.406908,        0.060501,        3.000000,       48.000000
        0.506063,        0.077065,        3.000000,       48.000000
        0.603083,        0.100157,        3.000000,       48.000000
        0.700731,        0.128617,        3.000000,       48.000000
       -0.105934,        0.120503,        4.000000,       48.000000
       -0.139324,        0.094728,        4.000000,       48.000000
       -0.172900,        0.075261,        4.000000,       48.000000
       -0.203725,        0.062862,        4.000000,       48.000000
       -0.227960,        0.056491,        4.000000,       48.000000
       -0.242653,        0.054130,        4.000000,       48.000000
       -0.239530,        0.053660,        4.000000,       48.000000
       -0.219280,        0.053735,        4.000000,       48.000000
       -0.187787,        0.053673,        4.000000,       48.000000
       -0.151733,        0.053664,        4.000000,       48.000000
       -0.119113,        0.053961,        4.000000,       48.000000
       -0.093035,        0.054537,        4.000000,       48.000000
       -0.069921,        0.055455,        4.000000,       48.000000
       -0.054373,        0.056794,        4.000000,       48.000000
       -0.049625,        0.058169,        4.000000,       48.000000
       -0.054235,        0.059003,        4.000000,       48.000000
       -0.068742,        0.058978,        4.000000,       48.000000
       -0.089457,        0.058030,        4.000000,       48.000000
       -0.113512,        0.056754,        4.000000,       48.000000
       -0.139937,        0.055612,        4.000000,       48.000000
       -0.166969,        0.054822,        4.000000,       48.000000
       -0.194900,        0.054389,        4.000000,       48.000000
       -0.219652,        0.054127,        4.000000,       48.000000
       -0.238604,        0.053940,        4.000000,       48.000000
       -0.250802,        0.053989,        4.000000,       48.000000
       -0.256496,        0.054355,        4.000000,       48.000000
       -0.258106,        0.054991,        4.000000,       48.000000
       -0.257372,        0.055878,        4.000000,       48.000000
       -0.251218,        0.056977,        4.000000,       48.000000
       -0.239529,        0.057901,        4.000000,       48.000000
       -0.223607,        0.058153,        4.000000,       48.000000
       -0.203068,        0.057590,        4.000000,       48.000000
       -0.180631,        0.056374,        4.000000,       48.000000
       -0.156216,        0.055143,        4.000000,       48.000000
       -0.130773,        0.054207,        4.000000,       48.000000
       -0.107076,        0.053768,        4.000000,       48.000000
       -0.084483,        0.053818,        4.000000,       48.000000
       -0.062193,        0.054053,        4.000000,       48.000000
       -0.044207,        0.054069,        4.000000,       48.000000
       -0.036744,        0.054058,        4.000000,       48.000000
       -0.044847,        0.054195,        4.000000,       48.000000
       -0.067966,        0.054737,        4.000000,       48.000000
       -0.102867,        0.056334,        4.000000,       48.000000
       -0.148112,        0.060380,        4.000000,       48.000000
       -0.201242,        0.068751,        4.000000,       48.000000
       -0.258496,        0.082879,        4.000000,       48.000000
       -0.317231,        0.103424,        4.000000,       48.000000
       -0.375847,        0.129883,        4.000000,       48.000000
       -0.142906,        0.110755,        5.000000,       48.000000
       -0.152883,        0.085676,        5.000000,       48.000000
       -0.163123,        0.067363,        5.000000,       48.000000
       -0.173080,        0.056783,        5.000000,       48.000000
       -0.182632,        0.052382,        5.000000,       48.000000
       -0.190093,        0.051449,        5.000000,       48.000000
       -0.190427,        0.051685,        5.000000,       48.000000
       -0.184708,        0.051944,        5.000000,       48.000000
       -0.172321,        0.051851,        5.000000,       48.000000
       -0.152496,        0.051674,        5.000000,       48.000000
       -0.131661,        0.051664,        5.000000,       48.000000
       -0.108174,        0.051895,        5.000000,       48.000000
       -0.083445,        0.052439,        5.000000,       48.000000
       -0.059714,        0.053405,        5.000000,       48.000000
       -0.035125,        0.054577,        5.000000,       48.000000
       -0.011394,        0.055371,        5.000000,       48.000000
        0.012599,        0.055427,        5.000000,       48.000000
        0.035589,        0.054678,        5.000000,       48.000000
        0.053455,        0.053677,        5.000000,       48.000000
        0.065300,        0.052804,        5.000000,       48.000000
        0.074568,        0.052201,        5.000000,       48.000000
        0.082890,        0.051836,        5.000000,       48.000000
        0.090195,        0.051531,        5.000000,       48.000000
        0.094370,        0.051146,        5.000000,       48.000000
        0.092943,        0.050965,        5.000000,       48.000000
        0.089842,        0.051119,        5.000000,       48.000000
        0.087562,        0.051548,        5.000000,       48.000000
        0.083179,        0.052407,        5.000000,       48.000000
        0.075282,        0.053634,        5.000000,       48.000000
        0.063193,        0.054743,        5.000000,       48.000000
        0.045740,        0.055229,        5.000000,       48.000000
        0.021086,        0.054908,        5.000000,       48.000000
       -0.011252,        0.053959,        5.000000,       48.000000
       -0.048199,        0.052910,        5.000000,       48.000000
       -0.084774,        0.052075,        5.000000,       48.000000
       -0.117041,        0.051672,        5.000000,       48.000000
       -0.138580,        0.051680,        5.000000,       48.000000
       -0.146527,        0.051814,        5.000000,       48.000000
       -0.140282,        0.051620,        5.000000,       48.000000
       -0.121059,        0.051360,        5.000000,       48.000000
       -0.089616,        0.051335,        5.000000,       48.000000
       -0.048427,        0.051644,        5.000000,       48.000000
       -0.000728,        0.052811,        5.000000,       48.000000
        0.049010,        0.056260,        5.000000,       48.000000
        0.096633,        0.063816,        5.000000,       48.000000
        0.140674,        0.077024,        5.000000,       48.000000
        0.184122,        0.096782,        5.000000,       48.000000
        0.227473,        0.122589,        5.000000,       48.000000
