      788.002700,        0.000000,        0.000000,        0.000000
     -199.353200,        0.000000,        0.000000,        0.000000
    -1676.758100,        0.000000,        0.000000,        0.000000
      -31.737100,        0.000000,        0.000000,        0.000000
     -932.468200,        0.000000,        0.000000,        0.000000
    -1675.639600,        0.000000,        0.000000,        0.000000
     -860.235900,        0.000000,        0.000000,        0.000000
     -138.386300,        0.000000,        0.000000,        0.000000
    -1668.392600,        0.000000,        0.000000,        0.000000
       -4.541000,        0.000000,        0.000000,        0.000000
      898.146200,        0.000000,        0.000000,        0.000000
    -1659.717000,        0.000000,        0.000000,        0.000000
        0.062789,        0.016032,        0.000000,        0.000000
        0.021657,        0.015125,        0.000000,        0.000000
        0.011612,        0.007323,        0.000000,        0.000000
        1.554700,        0.000000,        0.000000,        0.000000
       -1.269000,        0.000000,        0.000000,        0.000000
       23.729500,        0.000000,        0.000000,        0.000000
      -15.926332,        0.267224,        1.000000,       72.000000
      -15.588726,        0.162958,        1.000000,       72.000000
      -15.247782,        0.118458,        1.000000,       72.000000
      -14.797925,        0.112889,        1.000000,       72.000000
      -14.080985,        0.113413,        1.000000,       72.000000
      -13.175108,        0.112268,        1.000000,       72.000000
      -12.222320,        0.111187,        1.000000,       72.000000
      -11.532681,        0.107459,        1.000000,       72.000000
      -11.286267,        0.100632,        1.000000,       72.000000
      -11.390088,        0.094360,        1.000000,       72.000000
      -11.679511,        0.094140,        1.000000,       72.000000
      -12.062922,        0.095488,        1.000000,       72.000000
      -12.536931,        0.094432,        1.000000,       72.000000
      -13.154536,        0.097649,        1.000000,       72.000000
      -13.772929,        0.104787,        1.000000,       72.000000
      -14.253371,        0.114451,        1.000000,       72.000000
      -14.591451,        0.144791,        1.000000,       72.000000
      -14.827081,        0.202664,        1.000000,       72.000000
      -14.953366,        0.259299,        1.000000,       72.000000
      -14.936652,        0.259271,        1.000000,       72.000000
       -2.653745,        0.369348,        1.000000,       72.000000
       -2.636814,        0.369559,        1.000000,       72.000000
       -2.639907,        0.309860,        1.000000,       72.000000
       -2.658415,        0.234823,        1.000000,       72.000000
       -2.692157,        0.160849,        1.000000,       72.000000
       -2.747559,        0.119789,        1.000000,       72.000000
       -2.643735,        0.112356,        1.000000,       72.000000
       -2.153478,        0.113513,        1.000000,       72.000000
       -1.471272,        0.112348,        1.000000,       72.000000
       -0.766923,        0.110122,        1.000000,       72.000000
       -0.118462,        0.105990,        1.000000,       72.000000
        0.502546,        0.098921,        1.000000,       72.000000
        1.195484,        0.094905,        1.000000,       72.000000
        1.943227,        0.095611,        1.000000,       72.000000
        2.671346,        0.095914,        1.000000,       72.000000
        3.168309,        0.095469,        1.000000,       72.000000
        3.614558,        0.099810,        1.000000,       72.000000
        4.106112,        0.107721,        1.000000,       72.000000
        4.603803,        0.112543,        1.000000,       72.000000
        4.958102,        0.118165,        1.000000,       72.000000
        5.291210,        0.117117,        1.000000,       72.000000
        5.816265,        0.115192,        1.000000,       72.000000
        6.433553,        0.112531,        1.000000,       72.000000
        7.038926,        0.111155,        1.000000,       72.000000
        7.497766,        0.109180,        1.000000,       72.000000
        7.653493,        0.108252,        1.000000,       72.000000
        7.550394,        0.106089,        1.000000,       72.000000
        7.455770,        0.099372,        1.000000,       72.000000
        7.478296,        0.094323,        1.000000,       72.000000
        7.714327,        0.094688,        1.000000,       72.000000
        7.828377,        0.095753,        1.000000,       72.000000
        7.763967,        0.094608,        1.000000,       72.000000
        7.096120,        0.097472,        1.000000,       72.000000
        5.995420,        0.104719,        1.000000,       72.000000
        4.687014,        0.109908,        1.000000,       72.000000
        3.362680,        0.113229,        1.000000,       72.000000
        2.081644,        0.113143,        1.000000,       72.000000
        0.855602,        0.111716,        1.000000,       72.000000
       -0.154086,        0.110760,        1.000000,       72.000000
       -0.835801,        0.110057,        1.000000,       72.000000
       -1.158274,        0.109581,        1.000000,       72.000000
       -1.415574,        0.106956,        1.000000,       72.000000
       -1.660272,        0.100713,        1.000000,       72.000000
       -1.888558,        0.095054,        1.000000,       72.000000
       -2.099497,        0.095251,        1.000000,       72.000000
       -2.371528,        0.096104,        1.000000,       72.000000
       -2.537127,        0.095607,        1.000000,       72.000000
       -2.570103,        0.100424,        1.000000,       72.000000
       -2.373520,        0.108323,        1.000000,       72.000000
       -2.091170,        0.119739,        1.000000,       72.000000
       -1.761424,        0.169668,        1.000000,       72.000000
       -1.429664,        0.273490,        1.000000,       72.000000
        3.639223,        0.291609,        2.000000,       72.000000
        3.223894,        0.233787,        2.000000,       72.000000
        2.808441,        0.184032,        2.000000,       72.000000
        2.393624,        0.144500,        2.000000,       72.000000
        1.976812,        0.117359,        2.000000,       72.000000
        1.553405,        0.102537,        2.000000,       72.000000
        1.124760,        0.096045,        2.000000,       72.000000
        0.688244,        0.092383,        2.000000,       72.000000
        0.246989,        0.088728,        2.000000,       72.000000
       -0.175097,        0.085511,        2.000000,       72.000000
       -0.581150,        0.083393,        2.000000,       72.000000
       -0.953413,        0.083097,        2.000000,       72.000000
       -1.268912,        0.085187,        2.000000,       72.000000
       -1.531855,        0.091777,        2.000000,       72.000000
       -1.741699,        0.104488,        2.000000,       72.000000
       -1.901191,        0.122564,        2.000000,       72.000000
       -2.018370,        0.143409,        2.000000,       72.000000
       -2.096970,        0.163416,        2.000000,       72.000000
       -2.140559,        0.178944,        2.000000,       72.000000
       -2.136438,        0.178801,        2.000000,       72.000000
        0.913463,        0.252845,        2.000000,       72.000000
        0.917671,        0.253106,        2.000000,       72.000000
        0.923905,        0.237232,        2.000000,       72.000000
        0.931542,        0.214691,        2.000000,       72.000000
        0.940666,        0.187800,        2.000000,       72.000000
        0.951269,        0.159960,        2.000000,       72.000000
        0.962986,        0.134587,        2.000000,       72.000000
        0.976121,        0.114846,        2.000000,       72.000000
        0.960717,        0.102189,        2.000000,       72.000000
        0.899895,        0.095196,        2.000000,       72.000000
        0.795096,        0.090768,        2.000000,       72.000000
        0.660380,        0.087330,        2.000000,       72.000000
        0.517825,        0.085184,        2.000000,       72.000000
        0.377066,        0.084415,        2.000000,       72.000000
        0.262041,        0.085133,        2.000000,       72.000000
        0.246019,        0.087769,        2.000000,       72.000000
        0.345679,        0.092775,        2.000000,       72.000000
        0.501991,        0.099808,        2.000000,       72.000000
        0.680466,        0.106591,        2.000000,       72.000000
        0.857375,        0.111240,        2.000000,       72.000000
        1.011333,        0.112494,        2.000000,       72.000000
        1.123755,        0.110014,        2.000000,       72.000000
        1.174710,        0.104939,        2.000000,       72.000000
        1.146376,        0.099214,        2.000000,       72.000000
        1.039543,        0.094645,        2.000000,       72.000000
        0.860820,        0.091622,        2.000000,       72.000000
        0.628644,        0.088849,        2.000000,       72.000000
        0.359339,        0.085873,        2.000000,       72.000000
        0.048257,        0.083768,        2.000000,       72.000000
       -0.262756,        0.082816,        2.000000,       72.000000
       -0.511745,        0.083318,        2.000000,       72.000000
       -0.685268,        0.085428,        2.000000,       72.000000
       -0.803832,        0.089748,        2.000000,       72.000000
       -0.864235,        0.096088,        2.000000,       72.000000
       -0.862491,        0.102623,        2.000000,       72.000000
       -0.801626,        0.107273,        2.000000,       72.000000
       -0.697197,        0.108870,        2.000000,       72.000000
       -0.569743,        0.107121,        2.000000,       72.000000
       -0.440030,        0.103212,        2.000000,       72.000000
       -0.333624,        0.098859,        2.000000,       72.000000
       -0.281810,        0.095208,        2.000000,       72.000000
       -0.277119,        0.091780,        2.000000,       72.000000
       -0.287676,        0.088035,        2.000000,       72.000000
       -0.274070,        0.085000,        2.000000,       72.000000
       -0.214531,        0.083315,        2.000000,       72.000000
       -0.111435,        0.083483,        2.000000,       72.000000
        0.053025,        0.086525,        2.000000,       72.000000
        0.234245,        0.095489,        2.000000,       72.000000
        0.412230,        0.113636,        2.000000,       72.000000
        0.603313,        0.142280,        2.000000,       72.000000
        0.799637,        0.181459,        2.000000,       72.000000
        0.995913,        0.230082,        2.000000,       72.000000
        1.119161,        0.173321,        3.000000,       72.000000
        0.852412,        0.137098,        3.000000,       72.000000
        0.584220,        0.115645,        3.000000,       72.000000
        0.339458,        0.107259,        3.000000,       72.000000
        0.129642,        0.104864,        3.000000,       72.000000
       -0.037478,        0.102916,        3.000000,       72.000000
       -0.151421,        0.098789,        3.000000,       72.000000
       -0.201293,        0.092979,        3.000000,       72.000000
       -0.186162,        0.087159,        3.000000,       72.000000
       -0.114855,        0.082890,        3.000000,       72.000000
        0.001751,        0.080958,        3.000000,       72.000000
        0.115781,        0.080547,        3.000000,       72.000000
        0.215001,        0.081840,        3.000000,       72.000000
        0.288651,        0.087048,        3.000000,       72.000000
        0.332443,        0.098566,        3.000000,       72.000000
        0.352619,        0.116730,        3.000000,       72.000000
        0.363928,        0.138457,        3.000000,       72.000000
        0.370860,        0.159257,        3.000000,       72.000000
        0.373237,        0.175278,        3.000000,       72.000000
        0.369842,        0.175136,        3.000000,       72.000000
       -2.160503,        0.186647,        3.000000,       72.000000
       -2.163768,        0.186810,        3.000000,       72.000000
       -2.087280,        0.171513,        3.000000,       72.000000
       -1.951994,        0.151890,        3.000000,       72.000000
       -1.752979,        0.131924,        3.000000,       72.000000
       -1.488439,        0.116898,        3.000000,       72.000000
       -1.192442,        0.108572,        3.000000,       72.000000
       -0.908410,        0.104098,        3.000000,       72.000000
       -0.651811,        0.100210,        3.000000,       72.000000
       -0.422145,        0.095236,        3.000000,       72.000000
       -0.224085,        0.089632,        3.000000,       72.000000
       -0.042176,        0.084788,        3.000000,       72.000000
        0.123543,        0.081623,        3.000000,       72.000000
        0.267469,        0.080356,        3.000000,       72.000000
        0.436786,        0.080549,        3.000000,       72.000000
        0.640808,        0.081934,        3.000000,       72.000000
        0.821094,        0.084985,        3.000000,       72.000000
        0.955745,        0.089512,        3.000000,       72.000000
        1.044011,        0.093887,        3.000000,       72.000000
        1.053177,        0.096685,        3.000000,       72.000000
        0.962300,        0.098105,        3.000000,       72.000000
        0.759511,        0.099696,        3.000000,       72.000000
        0.456568,        0.101399,        3.000000,       72.000000
        0.053202,        0.101966,        3.000000,       72.000000
       -0.429724,        0.100165,        3.000000,       72.000000
       -0.967682,        0.095860,        3.000000,       72.000000
       -1.535906,        0.090339,        3.000000,       72.000000
       -2.095654,        0.085336,        3.000000,       72.000000
       -2.633822,        0.082055,        3.000000,       72.000000
       -3.188082,        0.080823,        3.000000,       72.000000
       -3.684167,        0.080692,        3.000000,       72.000000
       -4.040399,        0.081412,        3.000000,       72.000000
       -4.208605,        0.083604,        3.000000,       72.000000
       -4.223544,        0.087456,        3.000000,       72.000000
       -4.124426,        0.092009,        3.000000,       72.000000
       -3.940658,        0.095452,        3.000000,       72.000000
       -3.704929,        0.097579,        3.000000,       72.000000
       -3.446592,        0.099435,        3.000000,       72.000000
       -3.166172,        0.100745,        3.000000,       72.000000
       -2.878884,        0.100361,        3.000000,       72.000000
       -2.584410,        0.097448,        3.000000,       72.000000
       -2.284581,        0.092742,        3.000000,       72.000000
       -1.969814,        0.087901,        3.000000,       72.000000
       -1.628443,        0.084433,        3.000000,       72.000000
       -1.283879,        0.082912,        3.000000,       72.000000
       -0.914805,        0.082390,        3.000000,       72.000000
       -0.537014,        0.083552,        3.000000,       72.000000
       -0.178453,        0.090268,        3.000000,       72.000000
        0.193226,        0.107284,        3.000000,       72.000000
        0.573953,        0.136932,        3.000000,       72.000000
        0.956208,        0.178148,        3.000000,       72.000000
        1.338067,        0.228809,        3.000000,       72.000000
        0.458650,        0.237472,        4.000000,       72.000000
        0.377820,        0.192914,        4.000000,       72.000000
        0.297001,        0.159282,        4.000000,       72.000000
        0.215637,        0.136733,        4.000000,       72.000000
        0.135147,        0.123228,        4.000000,       72.000000
        0.055605,        0.115598,        4.000000,       72.000000
       -0.020978,        0.110720,        4.000000,       72.000000
       -0.091293,        0.106605,        4.000000,       72.000000
       -0.153974,        0.102623,        4.000000,       72.000000
       -0.208336,        0.099257,        4.000000,       72.000000
       -0.255136,        0.097234,        4.000000,       72.000000
       -0.296121,        0.096951,        4.000000,       72.000000
       -0.327873,        0.099007,        4.000000,       72.000000
       -0.347706,        0.104958,        4.000000,       72.000000
       -0.360483,        0.115907,        4.000000,       72.000000
       -0.367158,        0.131560,        4.000000,       72.000000
       -0.370305,        0.150412,        4.000000,       72.000000
       -0.372688,        0.169203,        4.000000,       72.000000
       -0.373870,        0.184034,        4.000000,       72.000000
       -0.373585,        0.183888,        4.000000,       72.000000
       -0.174291,        0.230912,        4.000000,       72.000000
       -0.173993,        0.231136,        4.000000,       72.000000
       -0.167755,        0.216245,        4.000000,       72.000000
       -0.157143,        0.196066,        4.000000,       72.000000
       -0.141790,        0.173525,        4.000000,       72.000000
       -0.121568,        0.152664,        4.000000,       72.000000
       -0.098356,        0.135976,        4.000000,       72.000000
       -0.076493,        0.123921,        4.000000,       72.000000
       -0.052102,        0.115614,        4.000000,       72.000000
       -0.023224,        0.109778,        4.000000,       72.000000
        0.008673,        0.105342,        4.000000,       72.000000
        0.045064,        0.101956,        4.000000,       72.000000
        0.082073,        0.099843,        4.000000,       72.000000
        0.117000,        0.099074,        4.000000,       72.000000
        0.144617,        0.099572,        4.000000,       72.000000
        0.162114,        0.101245,        4.000000,       72.000000
        0.170285,        0.104185,        4.000000,       72.000000
        0.176470,        0.108142,        4.000000,       72.000000
        0.183337,        0.112026,        4.000000,       72.000000
        0.190235,        0.115131,        4.000000,       72.000000
        0.193981,        0.116755,        4.000000,       72.000000
        0.192633,        0.116897,        4.000000,       72.000000
        0.185117,        0.115795,        4.000000,       72.000000
        0.171952,        0.113729,        4.000000,       72.000000
        0.153248,        0.110925,        4.000000,       72.000000
        0.132650,        0.107720,        4.000000,       72.000000
        0.111941,        0.104335,        4.000000,       72.000000
        0.090392,        0.101186,        4.000000,       72.000000
        0.069768,        0.099044,        4.000000,       72.000000
        0.046446,        0.098148,        4.000000,       72.000000
        0.016585,        0.098446,        4.000000,       72.000000
       -0.016346,        0.099748,        4.000000,       72.000000
       -0.052311,        0.102149,        4.000000,       72.000000
       -0.092086,        0.105505,        4.000000,       72.000000
       -0.132473,        0.109035,        4.000000,       72.000000
       -0.169031,        0.111907,        4.000000,       72.000000
       -0.201742,        0.113671,        4.000000,       72.000000
       -0.231281,        0.114165,        4.000000,       72.000000
       -0.251904,        0.113473,        4.000000,       72.000000
       -0.260626,        0.111795,        4.000000,       72.000000
       -0.253909,        0.109341,        4.000000,       72.000000
       -0.233575,        0.106326,        4.000000,       72.000000
       -0.205751,        0.103080,        4.000000,       72.000000
       -0.178189,        0.100411,        4.000000,       72.000000
       -0.158442,        0.098955,        4.000000,       72.000000
       -0.150038,        0.098940,        4.000000,       72.000000
       -0.154405,        0.101308,        4.000000,       72.000000
       -0.161820,        0.108578,        4.000000,       72.000000
       -0.164545,        0.123670,        4.000000,       72.000000
       -0.165723,        0.148798,        4.000000,       72.000000
       -0.166746,        0.185226,        4.000000,       72.000000
       -0.167768,        0.232044,        4.000000,       72.000000
        0.295912,        0.218340,        5.000000,       72.000000
        0.250083,        0.174838,        5.000000,       72.000000
        0.204493,        0.142948,        5.000000,       72.000000
        0.156716,        0.122970,        5.000000,       72.000000
        0.104545,        0.112226,        5.000000,       72.000000
        0.054336,        0.106740,        5.000000,       72.000000
        0.009396,        0.103155,        5.000000,       72.000000
       -0.030368,        0.099677,        5.000000,       72.000000
       -0.061465,        0.096061,        5.000000,       72.000000
       -0.082236,        0.092931,        5.000000,       72.000000
       -0.093246,        0.090821,        5.000000,       72.000000
       -0.091115,        0.090014,        5.000000,       72.000000
       -0.078058,        0.091005,        5.000000,       72.000000
       -0.057777,        0.095295,        5.000000,       72.000000
       -0.031192,        0.104431,        5.000000,       72.000000
       -0.000433,        0.118752,        5.000000,       72.000000
        0.024201,        0.136905,        5.000000,       72.000000
        0.040838,        0.155623,        5.000000,       72.000000
        0.050238,        0.170668,        5.000000,       72.000000
        0.049775,        0.170534,        5.000000,       72.000000
       -0.309112,        0.216685,        5.000000,       72.000000
       -0.309586,        0.216894,        5.000000,       72.000000
       -0.306268,        0.201724,        5.000000,       72.000000
       -0.300159,        0.181373,        5.000000,       72.000000
       -0.290925,        0.158981,        5.000000,       72.000000
       -0.278814,        0.138925,        5.000000,       72.000000
       -0.262014,        0.123663,        5.000000,       72.000000
       -0.237380,        0.113357,        5.000000,       72.000000
       -0.202802,        0.106677,        5.000000,       72.000000
       -0.154797,        0.102008,        5.000000,       72.000000
       -0.091282,        0.098203,        5.000000,       72.000000
       -0.020225,        0.094957,        5.000000,       72.000000
        0.056282,        0.092739,        5.000000,       72.000000
        0.137464,        0.091804,        5.000000,       72.000000
        0.210371,        0.091917,        5.000000,       72.000000
        0.275452,        0.093158,        5.000000,       72.000000
        0.338544,        0.095906,        5.000000,       72.000000
        0.390864,        0.099718,        5.000000,       72.000000
        0.431114,        0.103496,        5.000000,       72.000000
        0.463775,        0.106581,        5.000000,       72.000000
        0.487444,        0.108282,        5.000000,       72.000000
        0.501840,        0.108755,        5.000000,       72.000000
        0.506251,        0.108078,        5.000000,       72.000000
        0.502883,        0.106483,        5.000000,       72.000000
        0.490169,        0.104071,        5.000000,       72.000000
        0.466828,        0.101060,        5.000000,       72.000000
        0.431457,        0.097657,        5.000000,       72.000000
        0.380387,        0.094207,        5.000000,       72.000000
        0.309845,        0.091603,        5.000000,       72.000000
        0.222476,        0.090375,        5.000000,       72.000000
        0.120883,        0.090285,        5.000000,       72.000000
        0.009009,        0.091146,        5.000000,       72.000000
       -0.115905,        0.093346,        5.000000,       72.000000
       -0.236777,        0.096648,        5.000000,       72.000000
       -0.339494,        0.100137,        5.000000,       72.000000
       -0.424114,        0.103046,        5.000000,       72.000000
       -0.491284,        0.104906,        5.000000,       72.000000
       -0.542071,        0.105693,        5.000000,       72.000000
       -0.578375,        0.105541,        5.000000,       72.000000
       -0.602049,        0.104428,        5.000000,       72.000000
       -0.616511,        0.102388,        5.000000,       72.000000
       -0.623211,        0.099614,        5.000000,       72.000000
       -0.620226,        0.096583,        5.000000,       72.000000
       -0.613260,        0.094055,        5.000000,       72.000000
       -0.606227,        0.092485,        5.000000,       72.000000
       -0.611384,        0.092016,        5.000000,       72.000000
       -0.625873,        0.093295,        5.000000,       72.000000
       -0.642585,        0.098601,        5.000000,       72.000000
       -0.654570,        0.111198,        5.000000,       72.000000
       -0.658874,        0.133865,        5.000000,       72.000000
       -0.662777,        0.168249,        5.000000,       72.000000
       -0.666510,        0.213517,        5.000000,       72.000000
