      788.002700,        0.000000,        0.000000,        0.000000
     -199.353200,        0.000000,        0.000000,        0.000000
    -1676.758100,        0.000000,        0.000000,        0.000000
      -31.737100,        0.000000,        0.000000,        0.000000
     -932.468200,        0.000000,        0.000000,        0.000000
    -1675.639600,        0.000000,        0.000000,        0.000000
     -860.235900,        0.000000,        0.000000,        0.000000
     -138.386300,        0.000000,        0.000000,        0.000000
    -1668.392600,        0.000000,        0.000000,        0.000000
       -4.541000,        0.000000,        0.000000,        0.000000
      898.146200,        0.000000,        0.000000,        0.000000
    -1659.717000,        0.000000,        0.000000,        0.000000
        0.005468,        0.008984,        0.000000,        0.000000
        0.006974,        0.008374,        0.000000,        0.000000
       -0.008903,        0.004037,        0.000000,        0.000000
        1.939200,        0.000000,        0.000000,        0.000000
       -0.765300,        0.000000,        0.000000,        0.000000
       21.333900,        0.000000,        0.000000,        0.000000
       -1.622180,        0.263670,        1.000000,       48.000000
       -1.308780,        0.113433,        1.000000,       48.000000
       -0.962482,        0.082290,        1.000000,       48.000000
       -0.635539,        0.078719,        1.000000,       48.000000
       -0.318495,        0.084553,        1.000000,       48.000000
       -0.185349,        0.080246,        1.000000,       48.000000
       -0.370109,        0.078007,        1.000000,       48.000000
       -0.643859,        0.082714,        1.000000,       48.000000
       -1.101728,        0.078596,        1.000000,       48.000000
       -1.567023,        0.073615,        1.000000,       48.000000
       -1.969067,        0.076486,        1.000000,       48.000000
       -2.351758,        0.075745,        1.000000,       48.000000
       -2.871999,        0.074396,        1.000000,       48.000000
       -3.256776,        0.078789,        1.000000,       48.000000
       -3.720880,        0.079642,        1.000000,       48.000000
       -4.103161,        0.078290,        1.000000,       48.000000
       -3.927789,        0.091262,        1.000000,       48.000000
       -3.379071,        0.077512,        1.000000,       48.000000
       -2.714236,        0.079369,        1.000000,       48.000000
       -2.202457,        0.084520,        1.000000,       48.000000
       -1.817262,        0.079843,        1.000000,       48.000000
       -1.517434,        0.080864,        1.000000,       48.000000
       -1.330162,        0.079191,        1.000000,       48.000000
       -1.122751,        0.088618,        1.000000,       48.000000
       -1.343400,        0.076807,        1.000000,       48.000000
       -1.541711,        0.074897,        1.000000,       48.000000
       -2.118596,        0.078912,        1.000000,       48.000000
       -2.751328,        0.074734,        1.000000,       48.000000
       -3.366371,        0.073981,        1.000000,       48.000000
       -3.376901,        0.078311,        1.000000,       48.000000
       -2.984497,        0.075619,        1.000000,       48.000000
       -2.509802,        0.078422,        1.000000,       48.000000
       -1.843732,        0.076025,        1.000000,       48.000000
       -1.435950,        0.080659,        1.000000,       48.000000
       -1.236754,        0.078128,        1.000000,       48.000000
       -1.061214,        0.076678,        1.000000,       48.000000
       -1.452834,        0.080964,        1.000000,       48.000000
       -2.085760,        0.075943,        1.000000,       48.000000
       -2.578548,        0.081610,        1.000000,       48.000000
       -2.976338,        0.073946,        1.000000,       48.000000
       -3.373117,        0.074378,        1.000000,       48.000000
       -3.762919,        0.077002,        1.000000,       48.000000
       -4.207638,        0.075001,        1.000000,       48.000000
       -4.713462,        0.076614,        1.000000,       48.000000
       -5.617915,        0.079480,        1.000000,       48.000000
       -6.367513,        0.076614,        1.000000,       48.000000
       -6.929427,        0.111392,        1.000000,       48.000000
       -7.497709,        0.249773,        1.000000,       48.000000
        0.053650,        0.275792,        2.000000,       48.000000
        0.067491,        0.198795,        2.000000,       48.000000
        0.081540,        0.135174,        2.000000,       48.000000
        0.094892,        0.091044,        2.000000,       48.000000
        0.110592,        0.069706,        2.000000,       48.000000
        0.123395,        0.063645,        2.000000,       48.000000
        0.120790,        0.064530,        2.000000,       48.000000
        0.133524,        0.062614,        2.000000,       48.000000
        0.128435,        0.057919,        2.000000,       48.000000
        0.042440,        0.054803,        2.000000,       48.000000
        0.005424,        0.054086,        2.000000,       48.000000
        0.031101,        0.054363,        2.000000,       48.000000
        0.112170,        0.055506,        2.000000,       48.000000
        0.166416,        0.060956,        2.000000,       48.000000
        0.175379,        0.070745,        2.000000,       48.000000
        0.166777,        0.080340,        2.000000,       48.000000
        0.158808,        0.087317,        2.000000,       48.000000
        0.144412,        0.087311,        2.000000,       48.000000
        0.130174,        0.079965,        2.000000,       48.000000
        0.122422,        0.070552,        2.000000,       48.000000
        0.118502,        0.062753,        2.000000,       48.000000
        0.071809,        0.062307,        2.000000,       48.000000
        0.005988,        0.064156,        2.000000,       48.000000
        0.024828,        0.062430,        2.000000,       48.000000
        0.059909,        0.058226,        2.000000,       48.000000
        0.010729,        0.056004,        2.000000,       48.000000
       -0.154241,        0.056074,        2.000000,       48.000000
       -0.349162,        0.055264,        2.000000,       48.000000
       -0.423028,        0.055620,        2.000000,       48.000000
       -0.394703,        0.060048,        2.000000,       48.000000
       -0.316032,        0.068247,        2.000000,       48.000000
       -0.231545,        0.075352,        2.000000,       48.000000
       -0.184712,        0.078015,        2.000000,       48.000000
       -0.165869,        0.073002,        2.000000,       48.000000
       -0.175199,        0.064742,        2.000000,       48.000000
       -0.159178,        0.058094,        2.000000,       48.000000
       -0.035058,        0.058531,        2.000000,       48.000000
        0.071945,        0.060197,        2.000000,       48.000000
        0.136659,        0.057823,        2.000000,       48.000000
        0.141373,        0.055250,        2.000000,       48.000000
        0.122054,        0.054480,        2.000000,       48.000000
        0.037699,        0.054879,        2.000000,       48.000000
       -0.075410,        0.055222,        2.000000,       48.000000
       -0.190292,        0.057308,        2.000000,       48.000000
       -0.167135,        0.065043,        2.000000,       48.000000
       -0.063260,        0.085285,        2.000000,       48.000000
        0.051347,        0.124482,        2.000000,       48.000000
        0.165164,        0.182989,        2.000000,       48.000000
       -0.174010,        0.135167,        3.000000,       48.000000
       -0.160309,        0.083357,        3.000000,       48.000000
       -0.144353,        0.065303,        3.000000,       48.000000
       -0.104055,        0.073572,        3.000000,       48.000000
       -0.054473,        0.081292,        3.000000,       48.000000
       -0.020306,        0.080570,        3.000000,       48.000000
       -0.030945,        0.072164,        3.000000,       48.000000
       -0.104429,        0.062405,        3.000000,       48.000000
       -0.152482,        0.055103,        3.000000,       48.000000
       -0.204516,        0.052561,        3.000000,       48.000000
       -0.321214,        0.053232,        3.000000,       48.000000
       -0.404807,        0.053381,        3.000000,       48.000000
       -0.449879,        0.053248,        3.000000,       48.000000
       -0.425085,        0.056160,        3.000000,       48.000000
       -0.390607,        0.062787,        3.000000,       48.000000
       -0.379998,        0.066869,        3.000000,       48.000000
       -0.403618,        0.065109,        3.000000,       48.000000
       -0.427737,        0.061962,        3.000000,       48.000000
       -0.424531,        0.066804,        3.000000,       48.000000
       -0.415084,        0.074222,        3.000000,       48.000000
       -0.410036,        0.078571,        3.000000,       48.000000
       -0.378986,        0.075558,        3.000000,       48.000000
       -0.295178,        0.068821,        3.000000,       48.000000
       -0.146218,        0.060382,        3.000000,       48.000000
       -0.081808,        0.054202,        3.000000,       48.000000
       -0.100188,        0.052332,        3.000000,       48.000000
       -0.134025,        0.053080,        3.000000,       48.000000
       -0.082784,        0.053017,        3.000000,       48.000000
       -0.007284,        0.052768,        3.000000,       48.000000
        0.032756,        0.056355,        3.000000,       48.000000
        0.108969,        0.060863,        3.000000,       48.000000
        0.223513,        0.060378,        3.000000,       48.000000
        0.383924,        0.057463,        3.000000,       48.000000
        0.534414,        0.061490,        3.000000,       48.000000
        0.596902,        0.069240,        3.000000,       48.000000
        0.540628,        0.074233,        3.000000,       48.000000
        0.416818,        0.071614,        3.000000,       48.000000
        0.281231,        0.064413,        3.000000,       48.000000
        0.193810,        0.056938,        3.000000,       48.000000
        0.156124,        0.053152,        3.000000,       48.000000
        0.175987,        0.053229,        3.000000,       48.000000
        0.267894,        0.053944,        3.000000,       48.000000
        0.397855,        0.053605,        3.000000,       48.000000
        0.509769,        0.054120,        3.000000,       48.000000
        0.598902,        0.061929,        3.000000,       48.000000
        0.736362,        0.086145,        3.000000,       48.000000
        0.883363,        0.131637,        3.000000,       48.000000
        1.029366,        0.195109,        3.000000,       48.000000
       -0.108094,        0.164615,        4.000000,       48.000000
       -0.055958,        0.111914,        4.000000,       48.000000
       -0.001687,        0.083999,        4.000000,       48.000000
        0.040657,        0.076050,        4.000000,       48.000000
        0.049172,        0.074950,        4.000000,       48.000000
        0.031417,        0.073237,        4.000000,       48.000000
       -0.014622,        0.070182,        4.000000,       48.000000
       -0.065909,        0.066255,        4.000000,       48.000000
       -0.100299,        0.061733,        4.000000,       48.000000
       -0.110210,        0.059121,        4.000000,       48.000000
       -0.112804,        0.059225,        4.000000,       48.000000
       -0.112817,        0.059472,        4.000000,       48.000000
       -0.115810,        0.060463,        4.000000,       48.000000
       -0.106700,        0.064722,        4.000000,       48.000000
       -0.079382,        0.070540,        4.000000,       48.000000
       -0.035159,        0.075131,        4.000000,       48.000000
        0.024211,        0.078053,        4.000000,       48.000000
        0.082214,        0.077442,        4.000000,       48.000000
        0.113614,        0.076149,        4.000000,       48.000000
        0.117094,        0.075270,        4.000000,       48.000000
        0.097797,        0.073854,        4.000000,       48.000000
        0.066781,        0.071939,        4.000000,       48.000000
        0.028916,        0.069374,        4.000000,       48.000000
       -0.025561,        0.065714,        4.000000,       48.000000
       -0.101016,        0.061932,        4.000000,       48.000000
       -0.178014,        0.060629,        4.000000,       48.000000
       -0.228202,        0.061310,        4.000000,       48.000000
       -0.268706,        0.061349,        4.000000,       48.000000
       -0.299885,        0.061693,        4.000000,       48.000000
       -0.292787,        0.064621,        4.000000,       48.000000
       -0.271470,        0.069022,        4.000000,       48.000000
       -0.246947,        0.072208,        4.000000,       48.000000
       -0.213955,        0.073269,        4.000000,       48.000000
       -0.174674,        0.072817,        4.000000,       48.000000
       -0.148570,        0.071978,        4.000000,       48.000000
       -0.131387,        0.070625,        4.000000,       48.000000
       -0.105398,        0.068878,        4.000000,       48.000000
       -0.048678,        0.066149,        4.000000,       48.000000
        0.031944,        0.062660,        4.000000,       48.000000
        0.091496,        0.060272,        4.000000,       48.000000
        0.103400,        0.059795,        4.000000,       48.000000
        0.088907,        0.060343,        4.000000,       48.000000
        0.048765,        0.060725,        4.000000,       48.000000
       -0.011752,        0.062142,        4.000000,       48.000000
       -0.063420,        0.067246,        4.000000,       48.000000
       -0.096797,        0.081192,        4.000000,       48.000000
       -0.117907,        0.114506,        4.000000,       48.000000
       -0.139685,        0.169809,        4.000000,       48.000000
       -0.093982,        0.154885,        5.000000,       48.000000
       -0.094018,        0.101604,        5.000000,       48.000000
       -0.094932,        0.074245,        5.000000,       48.000000
       -0.096534,        0.068888,        5.000000,       48.000000
       -0.089843,        0.070071,        5.000000,       48.000000
       -0.077075,        0.069303,        5.000000,       48.000000
       -0.056529,        0.066347,        5.000000,       48.000000
       -0.045410,        0.062121,        5.000000,       48.000000
       -0.049585,        0.057862,        5.000000,       48.000000
       -0.070663,        0.055723,        5.000000,       48.000000
       -0.114619,        0.055575,        5.000000,       48.000000
       -0.157003,        0.055702,        5.000000,       48.000000
       -0.205759,        0.056230,        5.000000,       48.000000
       -0.271099,        0.059036,        5.000000,       48.000000
       -0.322109,        0.063708,        5.000000,       48.000000
       -0.340094,        0.067464,        5.000000,       48.000000
       -0.323199,        0.070027,        5.000000,       48.000000
       -0.294493,        0.069855,        5.000000,       48.000000
       -0.271795,        0.069730,        5.000000,       48.000000
       -0.264750,        0.069914,        5.000000,       48.000000
       -0.270541,        0.069272,        5.000000,       48.000000
       -0.271825,        0.067626,        5.000000,       48.000000
       -0.264784,        0.065432,        5.000000,       48.000000
       -0.252589,        0.061612,        5.000000,       48.000000
       -0.218982,        0.057007,        5.000000,       48.000000
       -0.181656,        0.055609,        5.000000,       48.000000
       -0.166736,        0.056430,        5.000000,       48.000000
       -0.143684,        0.055917,        5.000000,       48.000000
       -0.126133,        0.056257,        5.000000,       48.000000
       -0.130957,        0.059112,        5.000000,       48.000000
       -0.102059,        0.062759,        5.000000,       48.000000
       -0.056394,        0.065432,        5.000000,       48.000000
       -0.018170,        0.066500,        5.000000,       48.000000
       -0.010004,        0.066989,        5.000000,       48.000000
       -0.005553,        0.066997,        5.000000,       48.000000
       -0.004708,        0.066525,        5.000000,       48.000000
        0.003209,        0.065283,        5.000000,       48.000000
        0.031679,        0.062793,        5.000000,       48.000000
        0.071283,        0.059147,        5.000000,       48.000000
        0.082299,        0.056040,        5.000000,       48.000000
        0.069342,        0.055643,        5.000000,       48.000000
        0.042669,        0.056238,        5.000000,       48.000000
       -0.003105,        0.055825,        5.000000,       48.000000
       -0.036855,        0.057224,        5.000000,       48.000000
       -0.074763,        0.062101,        5.000000,       48.000000
       -0.138265,        0.074553,        5.000000,       48.000000
       -0.197259,        0.106744,        5.000000,       48.000000
       -0.257341,        0.161377,        5.000000,       48.000000
