      788.002700,        0.000000,        0.000000,        0.000000
     -199.353200,        0.000000,        0.000000,        0.000000
    -1676.758100,        0.000000,        0.000000,        0.000000
      -31.737100,        0.000000,        0.000000,        0.000000
     -932.468200,        0.000000,        0.000000,        0.000000
    -1675.639600,        0.000000,        0.000000,        0.000000
     -860.235900,        0.000000,        0.000000,        0.000000
     -138.386300,        0.000000,        0.000000,        0.000000
    -1668.392600,        0.000000,        0.000000,        0.000000
       -4.541000,        0.000000,        0.000000,        0.000000
      898.146200,        0.000000,        0.000000,        0.000000
    -1659.717000,        0.000000,        0.000000,        0.000000
        0.233867,        0.013023,        0.000000,        0.000000
       -0.054946,        0.012199,        0.000000,        0.000000
        0.111410,        0.005886,        0.000000,        0.000000
       -1.754200,        0.000000,        0.000000,        0.000000
       -0.735200,        0.000000,        0.000000,        0.000000
       31.371200,        0.000000,        0.000000,        0.000000
      -17.473400,        0.218208,        1.000000,       71.000000
      -16.355681,        0.127056,        1.000000,       71.000000
      -15.237530,        0.092668,        1.000000,       71.000000
      -14.277725,        0.091491,        1.000000,       71.000000
      -13.726978,        0.092367,        1.000000,       71.000000
      -13.619424,        0.089864,        1.000000,       71.000000
      -14.019543,        0.086785,        1.000000,       71.000000
      -15.008356,        0.081987,        1.000000,       71.000000
      -16.330870,        0.075670,        1.000000,       71.000000
      -17.628461,        0.075714,        1.000000,       71.000000
      -18.556007,        0.076331,        1.000000,       71.000000
      -19.076008,        0.077402,        1.000000,       71.000000
      -19.181764,        0.082837,        1.000000,       71.000000
      -18.837898,        0.087390,        1.000000,       71.000000
      -18.367043,        0.091258,        1.000000,       71.000000
      -17.901827,        0.089344,        1.000000,       71.000000
      -17.346364,        0.087064,        1.000000,       71.000000
      -16.738968,        0.085757,        1.000000,       71.000000
      -15.884661,        0.085256,        1.000000,       71.000000
      -14.747739,        0.082900,        1.000000,       71.000000
      -13.661642,        0.078069,        1.000000,       71.000000
      -12.558804,        0.074658,        1.000000,       71.000000
      -11.464634,        0.074977,        1.000000,       71.000000
      -10.448814,        0.074511,        1.000000,       71.000000
       -9.746946,        0.078278,        1.000000,       71.000000
       -9.515970,        0.087302,        1.000000,       71.000000
       -9.654808,        0.104537,        1.000000,       71.000000
       -9.754437,        0.149954,        1.000000,       71.000000
       -9.783779,        0.200495,        1.000000,       71.000000
       -9.730806,        0.200583,        1.000000,       71.000000
        5.357209,        0.383985,        1.000000,       71.000000
        5.410006,        0.384684,        1.000000,       71.000000
        5.338551,        0.331365,        1.000000,       71.000000
        5.175238,        0.260608,        1.000000,       71.000000
        4.909730,        0.183653,        1.000000,       71.000000
        4.547437,        0.118629,        1.000000,       71.000000
        4.073520,        0.094455,        1.000000,       71.000000
        3.549700,        0.089641,        1.000000,       71.000000
        3.092949,        0.088453,        1.000000,       71.000000
        2.891060,        0.088447,        1.000000,       71.000000
        3.046746,        0.085894,        1.000000,       71.000000
        3.521783,        0.080277,        1.000000,       71.000000
        4.050017,        0.079207,        1.000000,       71.000000
        4.511899,        0.098161,        1.000000,       71.000000
        4.822725,        0.127542,        1.000000,       71.000000
        5.046021,        0.142046,        1.000000,       71.000000
        5.261884,        0.134571,        1.000000,       71.000000
        5.540977,        0.108220,        1.000000,       71.000000
        5.975164,        0.083442,        1.000000,       71.000000
        6.539656,        0.080641,        1.000000,       71.000000
        7.159131,        0.086706,        1.000000,       71.000000
        7.607983,        0.091446,        1.000000,       71.000000
        7.726501,        0.092175,        1.000000,       71.000000
        7.619687,        0.088530,        1.000000,       71.000000
        7.548098,        0.087405,        1.000000,       71.000000
        7.773217,        0.087553,        1.000000,       71.000000
        8.158877,        0.093423,        1.000000,       71.000000
        8.542445,        0.118083,        1.000000,       71.000000
        8.808667,        0.151142,        1.000000,       71.000000
        8.931590,        0.169499,        1.000000,       71.000000
        8.873548,        0.166144,        1.000000,       71.000000
        8.600805,        0.141401,        1.000000,       71.000000
        8.075625,        0.103654,        1.000000,       71.000000
        7.272338,        0.078074,        1.000000,       71.000000
        6.067271,        0.074717,        1.000000,       71.000000
        4.794978,        0.075442,        1.000000,       71.000000
        4.151759,        0.075831,        1.000000,       71.000000
        4.466011,        0.081885,        1.000000,       71.000000
        5.354413,        0.091439,        1.000000,       71.000000
        6.313838,        0.131720,        1.000000,       71.000000
        7.272965,        0.222175,        1.000000,       71.000000
        2.301629,        0.229626,        2.000000,       71.000000
        1.839493,        0.180359,        2.000000,       71.000000
        1.377476,        0.138819,        2.000000,       71.000000
        0.915143,        0.107282,        2.000000,       71.000000
        0.455930,        0.087207,        2.000000,       71.000000
        0.032363,        0.077294,        2.000000,       71.000000
       -0.326506,        0.073109,        2.000000,       71.000000
       -0.582183,        0.070228,        2.000000,       71.000000
       -0.695635,        0.068066,        2.000000,       71.000000
       -0.621283,        0.067393,        2.000000,       71.000000
       -0.399279,        0.068493,        2.000000,       71.000000
       -0.103305,        0.071441,        2.000000,       71.000000
        0.224941,        0.076280,        2.000000,       71.000000
        0.561978,        0.081272,        2.000000,       71.000000
        0.900650,        0.084304,        2.000000,       71.000000
        1.220543,        0.084248,        2.000000,       71.000000
        1.494860,        0.081270,        2.000000,       71.000000
        1.695636,        0.077192,        2.000000,       71.000000
        1.809525,        0.073835,        2.000000,       71.000000
        1.804705,        0.071212,        2.000000,       71.000000
        1.672906,        0.068582,        2.000000,       71.000000
        1.447162,        0.066586,        2.000000,       71.000000
        1.201483,        0.065869,        2.000000,       71.000000
        0.967786,        0.067630,        2.000000,       71.000000
        0.772026,        0.074104,        2.000000,       71.000000
        0.610040,        0.086658,        2.000000,       71.000000
        0.485182,        0.103434,        2.000000,       71.000000
        0.399805,        0.120832,        2.000000,       71.000000
        0.348754,        0.134968,        2.000000,       71.000000
        0.344995,        0.134748,        2.000000,       71.000000
       -0.619663,        0.238314,        2.000000,       71.000000
       -0.623079,        0.238959,        2.000000,       71.000000
       -0.596925,        0.224726,        2.000000,       71.000000
       -0.549172,        0.203936,        2.000000,       71.000000
       -0.477759,        0.178376,        2.000000,       71.000000
       -0.383257,        0.150814,        2.000000,       71.000000
       -0.265738,        0.123867,        2.000000,       71.000000
       -0.124654,        0.100803,        2.000000,       71.000000
        0.037105,        0.084817,        2.000000,       71.000000
        0.208396,        0.076593,        2.000000,       71.000000
        0.370485,        0.073239,        2.000000,       71.000000
        0.495051,        0.072367,        2.000000,       71.000000
        0.568716,        0.074642,        2.000000,       71.000000
        0.594655,        0.079730,        2.000000,       71.000000
        0.586650,        0.084831,        2.000000,       71.000000
        0.558054,        0.086926,        2.000000,       71.000000
        0.521997,        0.085252,        2.000000,       71.000000
        0.491187,        0.080876,        2.000000,       71.000000
        0.480234,        0.077106,        2.000000,       71.000000
        0.491725,        0.077165,        2.000000,       71.000000
        0.513649,        0.080598,        2.000000,       71.000000
        0.548397,        0.084088,        2.000000,       71.000000
        0.593750,        0.085444,        2.000000,       71.000000
        0.636623,        0.084011,        2.000000,       71.000000
        0.668753,        0.081491,        2.000000,       71.000000
        0.667805,        0.081156,        2.000000,       71.000000
        0.605934,        0.085109,        2.000000,       71.000000
        0.511907,        0.091620,        2.000000,       71.000000
        0.406379,        0.097423,        2.000000,       71.000000
        0.297555,        0.099909,        2.000000,       71.000000
        0.195609,        0.097982,        2.000000,       71.000000
        0.110215,        0.091817,        2.000000,       71.000000
        0.051074,        0.082834,        2.000000,       71.000000
        0.028277,        0.074200,        2.000000,       71.000000
        0.047567,        0.068868,        2.000000,       71.000000
        0.132123,        0.067431,        2.000000,       71.000000
        0.294303,        0.070860,        2.000000,       71.000000
        0.485517,        0.082643,        2.000000,       71.000000
        0.695702,        0.105349,        2.000000,       71.000000
        0.910866,        0.138669,        2.000000,       71.000000
        1.125978,        0.181131,        2.000000,       71.000000
       -1.493517,        0.138212,        3.000000,       71.000000
       -1.333533,        0.107348,        3.000000,       71.000000
       -1.172624,        0.090540,        3.000000,       71.000000
       -1.038643,        0.084969,        3.000000,       71.000000
       -0.959709,        0.083309,        3.000000,       71.000000
       -0.932400,        0.080626,        3.000000,       71.000000
       -0.956070,        0.075863,        3.000000,       71.000000
       -1.015619,        0.070492,        3.000000,       71.000000
       -1.101394,        0.066355,        3.000000,       71.000000
       -1.176508,        0.064834,        3.000000,       71.000000
       -1.204697,        0.065108,        3.000000,       71.000000
       -1.210302,        0.066628,        3.000000,       71.000000
       -1.227193,        0.069439,        3.000000,       71.000000
       -1.288444,        0.072545,        3.000000,       71.000000
       -1.364535,        0.074374,        3.000000,       71.000000
       -1.426691,        0.074958,        3.000000,       71.000000
       -1.463572,        0.075598,        3.000000,       71.000000
       -1.463095,        0.075709,        3.000000,       71.000000
       -1.428062,        0.073999,        3.000000,       71.000000
       -1.369799,        0.070417,        3.000000,       71.000000
       -1.301821,        0.066548,        3.000000,       71.000000
       -1.193389,        0.063877,        3.000000,       71.000000
       -1.048423,        0.062947,        3.000000,       71.000000
       -0.892162,        0.064226,        3.000000,       71.000000
       -0.746498,        0.070158,        3.000000,       71.000000
       -0.660551,        0.083002,        3.000000,       71.000000
       -0.618608,        0.100944,        3.000000,       71.000000
       -0.591601,        0.119296,        3.000000,       71.000000
       -0.576897,        0.133952,        3.000000,       71.000000
       -0.579268,        0.133720,        3.000000,       71.000000
       -1.281069,        0.175263,        3.000000,       71.000000
       -1.283515,        0.175671,        3.000000,       71.000000
       -1.285607,        0.161268,        3.000000,       71.000000
       -1.287335,        0.141804,        3.000000,       71.000000
       -1.288716,        0.120385,        3.000000,       71.000000
       -1.289399,        0.101400,        3.000000,       71.000000
       -1.290476,        0.089290,        3.000000,       71.000000
       -1.287116,        0.083716,        3.000000,       71.000000
       -1.266549,        0.080878,        3.000000,       71.000000
       -1.226581,        0.077783,        3.000000,       71.000000
       -1.163288,        0.073975,        3.000000,       71.000000
       -1.070735,        0.071133,        3.000000,       71.000000
       -0.958345,        0.071340,        3.000000,       71.000000
       -0.843039,        0.075197,        3.000000,       71.000000
       -0.749461,        0.080588,        3.000000,       71.000000
       -0.671982,        0.083889,        3.000000,       71.000000
       -0.604433,        0.083435,        3.000000,       71.000000
       -0.540973,        0.079604,        3.000000,       71.000000
       -0.474973,        0.074860,        3.000000,       71.000000
       -0.406404,        0.072560,        3.000000,       71.000000
       -0.330667,        0.073339,        3.000000,       71.000000
       -0.262203,        0.075002,        3.000000,       71.000000
       -0.214237,        0.076203,        3.000000,       71.000000
       -0.188967,        0.078417,        3.000000,       71.000000
       -0.181184,        0.082797,        3.000000,       71.000000
       -0.197718,        0.088413,        3.000000,       71.000000
       -0.224213,        0.093899,        3.000000,       71.000000
       -0.248355,        0.098861,        3.000000,       71.000000
       -0.272298,        0.101710,        3.000000,       71.000000
       -0.309047,        0.100833,        3.000000,       71.000000
       -0.370040,        0.095764,        3.000000,       71.000000
       -0.467129,        0.087147,        3.000000,       71.000000
       -0.612077,        0.076962,        3.000000,       71.000000
       -0.816587,        0.068675,        3.000000,       71.000000
       -1.086439,        0.064285,        3.000000,       71.000000
       -1.359500,        0.063267,        3.000000,       71.000000
       -1.597821,        0.066224,        3.000000,       71.000000
       -1.771316,        0.077010,        3.000000,       71.000000
       -1.920251,        0.099432,        3.000000,       71.000000
       -2.071193,        0.133265,        3.000000,       71.000000
       -2.221909,        0.176285,        3.000000,       71.000000
        0.096292,        0.188883,        4.000000,       71.000000
        0.062929,        0.150673,        4.000000,       71.000000
        0.029209,        0.122863,        4.000000,       71.000000
       -0.000299,        0.105296,        4.000000,       71.000000
       -0.019570,        0.095320,        4.000000,       71.000000
       -0.028982,        0.089483,        4.000000,       71.000000
       -0.028830,        0.085349,        4.000000,       71.000000
       -0.022759,        0.081831,        4.000000,       71.000000
       -0.020148,        0.079175,        4.000000,       71.000000
       -0.027681,        0.078147,        4.000000,       71.000000
       -0.041964,        0.078648,        4.000000,       71.000000
       -0.050683,        0.080410,        4.000000,       71.000000
       -0.050193,        0.083265,        4.000000,       71.000000
       -0.045586,        0.086247,        4.000000,       71.000000
       -0.038004,        0.088462,        4.000000,       71.000000
       -0.029365,        0.089276,        4.000000,       71.000000
       -0.022046,        0.088805,        4.000000,       71.000000
       -0.015702,        0.087364,        4.000000,       71.000000
       -0.012130,        0.085204,        4.000000,       71.000000
       -0.016966,        0.082521,        4.000000,       71.000000
       -0.032699,        0.079748,        4.000000,       71.000000
       -0.052380,        0.077699,        4.000000,       71.000000
       -0.073944,        0.077191,        4.000000,       71.000000
       -0.097294,        0.079187,        4.000000,       71.000000
       -0.112266,        0.085169,        4.000000,       71.000000
       -0.110893,        0.096175,        4.000000,       71.000000
       -0.106069,        0.111131,        4.000000,       71.000000
       -0.102770,        0.127298,        4.000000,       71.000000
       -0.100758,        0.140704,        4.000000,       71.000000
       -0.100548,        0.140466,        4.000000,       71.000000
       -0.043450,        0.214434,        4.000000,       71.000000
       -0.043258,        0.214981,        4.000000,       71.000000
       -0.045562,        0.201269,        4.000000,       71.000000
       -0.049694,        0.182005,        4.000000,       71.000000
       -0.055854,        0.159546,        4.000000,       71.000000
       -0.063919,        0.137190,        4.000000,       71.000000
       -0.074193,        0.118191,        4.000000,       71.000000
       -0.085481,        0.103985,        4.000000,       71.000000
       -0.091786,        0.094560,        4.000000,       71.000000
       -0.091333,        0.088949,        4.000000,       71.000000
       -0.089811,        0.086055,        4.000000,       71.000000
       -0.089289,        0.085539,        4.000000,       71.000000
       -0.087621,        0.087644,        4.000000,       71.000000
       -0.091445,        0.091893,        4.000000,       71.000000
       -0.100302,        0.096430,        4.000000,       71.000000
       -0.112149,        0.098818,        4.000000,       71.000000
       -0.125373,        0.098137,        4.000000,       71.000000
       -0.138458,        0.094849,        4.000000,       71.000000
       -0.149076,        0.090921,        4.000000,       71.000000
       -0.159474,        0.088723,        4.000000,       71.000000
       -0.169954,        0.088796,        4.000000,       71.000000
       -0.176865,        0.090130,        4.000000,       71.000000
       -0.178674,        0.091701,        4.000000,       71.000000
       -0.178784,        0.093196,        4.000000,       71.000000
       -0.184845,        0.095176,        4.000000,       71.000000
       -0.198497,        0.098227,        4.000000,       71.000000
       -0.212420,        0.102574,        4.000000,       71.000000
       -0.225962,        0.107644,        4.000000,       71.000000
       -0.237767,        0.111648,        4.000000,       71.000000
       -0.246323,        0.112765,        4.000000,       71.000000
       -0.250043,        0.110183,        4.000000,       71.000000
       -0.247301,        0.104035,        4.000000,       71.000000
       -0.236705,        0.095497,        4.000000,       71.000000
       -0.215967,        0.087104,        4.000000,       71.000000
       -0.188114,        0.081282,        4.000000,       71.000000
       -0.155342,        0.079003,        4.000000,       71.000000
       -0.120234,        0.081693,        4.000000,       71.000000
       -0.086820,        0.092079,        4.000000,       71.000000
       -0.053145,        0.112425,        4.000000,       71.000000
       -0.019133,        0.143748,        4.000000,       71.000000
        0.014814,        0.184979,        4.000000,       71.000000
       -0.219492,        0.173746,        5.000000,       71.000000
       -0.228560,        0.136464,        5.000000,       71.000000
       -0.238045,        0.110311,        5.000000,       71.000000
       -0.239872,        0.095207,        5.000000,       71.000000
       -0.232848,        0.087682,        5.000000,       71.000000
       -0.230887,        0.083569,        5.000000,       71.000000
       -0.236613,        0.080320,        5.000000,       71.000000
       -0.242423,        0.077073,        5.000000,       71.000000
       -0.243413,        0.074263,        5.000000,       71.000000
       -0.244561,        0.072766,        5.000000,       71.000000
       -0.257869,        0.072700,        5.000000,       71.000000
       -0.284294,        0.073878,        5.000000,       71.000000
       -0.320559,        0.076232,        5.000000,       71.000000
       -0.360030,        0.078898,        5.000000,       71.000000
       -0.406116,        0.080936,        5.000000,       71.000000
       -0.454134,        0.081793,        5.000000,       71.000000
       -0.500066,        0.081612,        5.000000,       71.000000
       -0.543190,        0.080578,        5.000000,       71.000000
       -0.576903,        0.078825,        5.000000,       71.000000
       -0.582755,        0.076411,        5.000000,       71.000000
       -0.556515,        0.073678,        5.000000,       71.000000
       -0.525298,        0.071532,        5.000000,       71.000000
       -0.503743,        0.070848,        5.000000,       71.000000
       -0.494002,        0.072390,        5.000000,       71.000000
       -0.503095,        0.077931,        5.000000,       71.000000
       -0.513872,        0.088546,        5.000000,       71.000000
       -0.519107,        0.103315,        5.000000,       71.000000
       -0.522045,        0.119595,        5.000000,       71.000000
       -0.523427,        0.133228,        5.000000,       71.000000
       -0.522491,        0.133002,        5.000000,       71.000000
       -0.257077,        0.202552,        5.000000,       71.000000
       -0.256130,        0.203066,        5.000000,       71.000000
       -0.254831,        0.189080,        5.000000,       71.000000
       -0.253292,        0.169579,        5.000000,       71.000000
       -0.251462,        0.147060,        5.000000,       71.000000
       -0.249466,        0.125027,        5.000000,       71.000000
       -0.246884,        0.107032,        5.000000,       71.000000
       -0.246793,        0.094297,        5.000000,       71.000000
       -0.256219,        0.086460,        5.000000,       71.000000
       -0.267094,        0.082025,        5.000000,       71.000000
       -0.281632,        0.079617,        5.000000,       71.000000
       -0.299532,        0.078969,        5.000000,       71.000000
       -0.313010,        0.080831,        5.000000,       71.000000
       -0.313195,        0.085176,        5.000000,       71.000000
       -0.293133,        0.089903,        5.000000,       71.000000
       -0.259140,        0.092323,        5.000000,       71.000000
       -0.216734,        0.091460,        5.000000,       71.000000
       -0.171408,        0.087871,        5.000000,       71.000000
       -0.129559,        0.083794,        5.000000,       71.000000
       -0.093559,        0.081716,        5.000000,       71.000000
       -0.056309,        0.081876,        5.000000,       71.000000
       -0.020824,        0.083170,        5.000000,       71.000000
        0.010455,        0.084579,        5.000000,       71.000000
        0.033646,        0.085908,        5.000000,       71.000000
        0.045342,        0.087880,        5.000000,       71.000000
        0.051325,        0.090955,        5.000000,       71.000000
        0.050799,        0.095323,        5.000000,       71.000000
        0.035627,        0.100499,        5.000000,       71.000000
        0.006912,        0.104657,        5.000000,       71.000000
       -0.027854,        0.105807,        5.000000,       71.000000
       -0.062507,        0.103098,        5.000000,       71.000000
       -0.090447,        0.096720,        5.000000,       71.000000
       -0.105492,        0.088011,        5.000000,       71.000000
       -0.100217,        0.079800,        5.000000,       71.000000
       -0.073550,        0.074288,        5.000000,       71.000000
       -0.042209,        0.072064,        5.000000,       71.000000
       -0.015397,        0.073941,        5.000000,       71.000000
       -0.001819,        0.082499,        5.000000,       71.000000
       -0.004190,        0.100743,        5.000000,       71.000000
       -0.012790,        0.130210,        5.000000,       71.000000
       -0.020850,        0.169993,        5.000000,       71.000000
