      788.002700,        0.000000,        0.000000,        0.000000
     -199.353200,        0.000000,        0.000000,        0.000000
    -1676.758100,        0.000000,        0.000000,        0.000000
      -31.737100,        0.000000,        0.000000,        0.000000
     -932.468200,        0.000000,        0.000000,        0.000000
    -1675.639600,        0.000000,        0.000000,        0.000000
     -860.235900,        0.000000,        0.000000,        0.000000
     -138.386300,        0.000000,        0.000000,        0.000000
    -1668.392600,        0.000000,        0.000000,        0.000000
       -4.541000,        0.000000,        0.000000,        0.000000
      898.146200,        0.000000,        0.000000,        0.000000
    -1659.717000,        0.000000,        0.000000,        0.000000
        0.234406,        0.008288,        0.000000,        0.000000
       -0.063233,        0.007690,        0.000000,        0.000000
        0.107218,        0.003650,        0.000000,        0.000000
        1.554700,        0.000000,        0.000000,        0.000000
       -1.269000,        0.000000,        0.000000,        0.000000
       23.729500,        0.000000,        0.000000,        0.000000
       -7.245669,        0.250299,        1.000000,       63.000000
       -7.755495,        0.108976,        1.000000,       63.000000
       -8.265517,        0.083936,        1.000000,       63.000000
       -8.626551,        0.083366,        1.000000,       63.000000
       -8.506902,        0.094856,        1.000000,       63.000000
       -8.091191,        0.075947,        1.000000,       63.000000
       -7.579729,        0.077780,        1.000000,       63.000000
       -7.248987,        0.078474,        1.000000,       63.000000
       -7.184907,        0.081340,        1.000000,       63.000000
       -7.176543,        0.072826,        1.000000,       63.000000
       -7.166612,        0.073177,        1.000000,       63.000000
       -7.021787,        0.074901,        1.000000,       63.000000
       -6.748187,        0.071237,        1.000000,       63.000000
       -6.382866,        0.074005,        1.000000,       63.000000
       -5.967911,        0.079840,        1.000000,       63.000000
       -5.592935,        0.073828,        1.000000,       63.000000
       -5.228014,        0.081992,        1.000000,       63.000000
       -5.046174,        0.081488,        1.000000,       63.000000
       -4.631644,        0.078539,        1.000000,       63.000000
       -4.128340,        0.075928,        1.000000,       63.000000
       -4.075713,        0.078557,        1.000000,       63.000000
       -3.973679,        0.078577,        1.000000,       63.000000
       -3.787493,        0.074713,        1.000000,       63.000000
       -3.804009,        0.080532,        1.000000,       63.000000
       -3.987687,        0.071221,        1.000000,       63.000000
       -3.880771,        0.072191,        1.000000,       63.000000
       -3.573102,        0.077372,        1.000000,       63.000000
       -3.208198,        0.073421,        1.000000,       63.000000
       -3.099819,        0.073104,        1.000000,       63.000000
       -3.069943,        0.079320,        1.000000,       63.000000
       -3.068607,        0.075673,        1.000000,       63.000000
       -3.484852,        0.076399,        1.000000,       63.000000
       -4.239298,        0.076514,        1.000000,       63.000000
       -4.497373,        0.078349,        1.000000,       63.000000
       -4.770814,        0.076856,        1.000000,       63.000000
       -5.545498,        0.078431,        1.000000,       63.000000
       -6.396855,        0.079317,        1.000000,       63.000000
       -7.037665,        0.080071,        1.000000,       63.000000
       -7.620535,        0.078432,        1.000000,       63.000000
       -8.158545,        0.070253,        1.000000,       63.000000
       -8.478721,        0.073078,        1.000000,       63.000000
       -8.259912,        0.073198,        1.000000,       63.000000
       -7.745247,        0.070589,        1.000000,       63.000000
       -7.090334,        0.073926,        1.000000,       63.000000
       -6.590282,        0.076186,        1.000000,       63.000000
       -6.561504,        0.072537,        1.000000,       63.000000
       -6.923433,        0.083166,        1.000000,       63.000000
       -7.160900,        0.074372,        1.000000,       63.000000
       -7.042033,        0.075498,        1.000000,       63.000000
       -7.027472,        0.077808,        1.000000,       63.000000
       -7.096198,        0.072410,        1.000000,       63.000000
       -6.900387,        0.076344,        1.000000,       63.000000
       -6.719228,        0.076966,        1.000000,       63.000000
       -6.664953,        0.076996,        1.000000,       63.000000
       -6.706634,        0.071761,        1.000000,       63.000000
       -6.753800,        0.076887,        1.000000,       63.000000
       -6.708563,        0.081021,        1.000000,       63.000000
       -6.694741,        0.074327,        1.000000,       63.000000
       -6.770666,        0.075479,        1.000000,       63.000000
       -6.447542,        0.079000,        1.000000,       63.000000
       -5.650017,        0.074636,        1.000000,       63.000000
       -4.633244,        0.117551,        1.000000,       63.000000
       -3.650947,        0.255526,        1.000000,       63.000000
        0.591087,        0.284663,        2.000000,       63.000000
        0.594554,        0.209930,        2.000000,       63.000000
        0.598106,        0.147348,        2.000000,       63.000000
        0.601322,        0.101465,        2.000000,       63.000000
        0.606844,        0.074388,        2.000000,       63.000000
        0.624273,        0.061069,        2.000000,       63.000000
        0.668081,        0.060366,        2.000000,       63.000000
        0.724404,        0.061651,        2.000000,       63.000000
        0.750166,        0.058558,        2.000000,       63.000000
        0.719195,        0.054943,        2.000000,       63.000000
        0.642030,        0.053007,        2.000000,       63.000000
        0.548662,        0.052935,        2.000000,       63.000000
        0.472172,        0.052917,        2.000000,       63.000000
        0.405330,        0.055905,        2.000000,       63.000000
        0.373040,        0.063376,        2.000000,       63.000000
        0.352046,        0.072825,        2.000000,       63.000000
        0.367115,        0.081019,        2.000000,       63.000000
        0.425702,        0.084888,        2.000000,       63.000000
        0.506305,        0.081011,        2.000000,       63.000000
        0.591875,        0.071887,        2.000000,       63.000000
        0.656351,        0.063299,        2.000000,       63.000000
        0.715755,        0.060400,        2.000000,       63.000000
        0.772330,        0.060488,        2.000000,       63.000000
        0.864680,        0.057761,        2.000000,       63.000000
        0.966593,        0.053878,        2.000000,       63.000000
        1.013149,        0.052354,        2.000000,       63.000000
        0.985453,        0.053261,        2.000000,       63.000000
        1.003298,        0.053892,        2.000000,       63.000000
        1.069909,        0.055682,        2.000000,       63.000000
        1.128752,        0.061422,        2.000000,       63.000000
        1.119150,        0.069978,        2.000000,       63.000000
        1.049855,        0.077139,        2.000000,       63.000000
        0.949292,        0.080440,        2.000000,       63.000000
        0.836148,        0.076759,        2.000000,       63.000000
        0.726142,        0.069313,        2.000000,       63.000000
        0.660545,        0.062841,        2.000000,       63.000000
        0.652482,        0.061492,        2.000000,       63.000000
        0.740348,        0.060965,        2.000000,       63.000000
        0.889532,        0.057030,        2.000000,       63.000000
        1.080183,        0.053125,        2.000000,       63.000000
        1.274042,        0.051528,        2.000000,       63.000000
        1.377677,        0.051476,        2.000000,       63.000000
        1.415741,        0.051999,        2.000000,       63.000000
        1.403687,        0.055024,        2.000000,       63.000000
        1.325600,        0.062022,        2.000000,       63.000000
        1.229483,        0.070597,        2.000000,       63.000000
        1.144284,        0.077405,        2.000000,       63.000000
        1.086227,        0.078565,        2.000000,       63.000000
        1.038336,        0.072415,        2.000000,       63.000000
        0.988539,        0.063721,        2.000000,       63.000000
        0.946651,        0.058072,        2.000000,       63.000000
        0.915953,        0.058962,        2.000000,       63.000000
        0.894248,        0.059426,        2.000000,       63.000000
        0.883104,        0.056733,        2.000000,       63.000000
        0.875000,        0.054964,        2.000000,       63.000000
        0.947676,        0.055539,        2.000000,       63.000000
        1.058775,        0.056183,        2.000000,       63.000000
        1.111101,        0.055300,        2.000000,       63.000000
        1.110618,        0.057060,        2.000000,       63.000000
        1.038611,        0.066624,        2.000000,       63.000000
        0.955038,        0.089944,        2.000000,       63.000000
        0.868321,        0.131838,        2.000000,       63.000000
        0.782898,        0.190893,        2.000000,       63.000000
       -0.162059,        0.134027,        3.000000,       63.000000
       -0.152838,        0.084638,        3.000000,       63.000000
       -0.143712,        0.069644,        3.000000,       63.000000
       -0.109761,        0.079756,        3.000000,       63.000000
       -0.061826,        0.088768,        3.000000,       63.000000
       -0.003525,        0.088754,        3.000000,       63.000000
        0.065816,        0.079446,        3.000000,       63.000000
        0.144968,        0.067001,        3.000000,       63.000000
        0.235221,        0.056558,        3.000000,       63.000000
        0.311506,        0.051498,        3.000000,       63.000000
        0.328861,        0.051192,        3.000000,       63.000000
        0.267519,        0.051618,        3.000000,       63.000000
        0.154638,        0.051015,        3.000000,       63.000000
        0.026499,        0.052517,        3.000000,       63.000000
       -0.097740,        0.058133,        3.000000,       63.000000
       -0.200732,        0.063881,        3.000000,       63.000000
       -0.277909,        0.065509,        3.000000,       63.000000
       -0.319752,        0.062448,        3.000000,       63.000000
       -0.338286,        0.062353,        3.000000,       63.000000
       -0.325207,        0.068072,        3.000000,       63.000000
       -0.257098,        0.073152,        3.000000,       63.000000
       -0.141771,        0.072311,        3.000000,       63.000000
       -0.000801,        0.065636,        3.000000,       63.000000
        0.144931,        0.057452,        3.000000,       63.000000
        0.206982,        0.052499,        3.000000,       63.000000
        0.154308,        0.051995,        3.000000,       63.000000
        0.099671,        0.052869,        3.000000,       63.000000
        0.083574,        0.052309,        3.000000,       63.000000
        0.044799,        0.052535,        3.000000,       63.000000
       -0.000293,        0.056889,        3.000000,       63.000000
       -0.002768,        0.062049,        3.000000,       63.000000
        0.021309,        0.062798,        3.000000,       63.000000
        0.033543,        0.060930,        3.000000,       63.000000
        0.034408,        0.064181,        3.000000,       63.000000
        0.034729,        0.070759,        3.000000,       63.000000
        0.042529,        0.075100,        3.000000,       63.000000
        0.038820,        0.072462,        3.000000,       63.000000
       -0.002424,        0.064312,        3.000000,       63.000000
       -0.089771,        0.055504,        3.000000,       63.000000
       -0.214534,        0.051619,        3.000000,       63.000000
       -0.267494,        0.051955,        3.000000,       63.000000
       -0.250559,        0.051903,        3.000000,       63.000000
       -0.188619,        0.051165,        3.000000,       63.000000
       -0.110099,        0.052645,        3.000000,       63.000000
       -0.012271,        0.057549,        3.000000,       63.000000
        0.081772,        0.062371,        3.000000,       63.000000
        0.161873,        0.062354,        3.000000,       63.000000
        0.212720,        0.060074,        3.000000,       63.000000
        0.225215,        0.063489,        3.000000,       63.000000
        0.218492,        0.069483,        3.000000,       63.000000
        0.203950,        0.072485,        3.000000,       63.000000
        0.190145,        0.068539,        3.000000,       63.000000
        0.185609,        0.061190,        3.000000,       63.000000
        0.195005,        0.054224,        3.000000,       63.000000
        0.241864,        0.051618,        3.000000,       63.000000
        0.314259,        0.053283,        3.000000,       63.000000
        0.279182,        0.054816,        3.000000,       63.000000
        0.173409,        0.053886,        3.000000,       63.000000
       -0.018638,        0.054143,        3.000000,       63.000000
       -0.271174,        0.062293,        3.000000,       63.000000
       -0.568955,        0.087849,        3.000000,       63.000000
       -0.873737,        0.134066,        3.000000,       63.000000
       -1.177237,        0.196653,        3.000000,       63.000000
        0.647067,        0.165043,        4.000000,       63.000000
        0.604842,        0.114616,        4.000000,       63.000000
        0.564462,        0.087865,        4.000000,       63.000000
        0.529326,        0.079885,        4.000000,       63.000000
        0.505140,        0.078073,        4.000000,       63.000000
        0.487261,        0.074615,        4.000000,       63.000000
        0.481815,        0.070832,        4.000000,       63.000000
        0.497543,        0.067277,        4.000000,       63.000000
        0.527992,        0.063223,        4.000000,       63.000000
        0.566197,        0.059786,        4.000000,       63.000000
        0.601411,        0.058350,        4.000000,       63.000000
        0.623665,        0.058416,        4.000000,       63.000000
        0.592306,        0.058040,        4.000000,       63.000000
        0.515607,        0.060063,        4.000000,       63.000000
        0.442282,        0.065127,        4.000000,       63.000000
        0.374474,        0.069961,        4.000000,       63.000000
        0.350153,        0.073763,        4.000000,       63.000000
        0.369881,        0.075235,        4.000000,       63.000000
        0.415812,        0.074779,        4.000000,       63.000000
        0.473318,        0.073983,        4.000000,       63.000000
        0.531467,        0.072996,        4.000000,       63.000000
        0.562178,        0.071393,        4.000000,       63.000000
        0.565264,        0.068115,        4.000000,       63.000000
        0.556235,        0.063685,        4.000000,       63.000000
        0.535371,        0.060083,        4.000000,       63.000000
        0.534338,        0.059372,        4.000000,       63.000000
        0.607644,        0.060567,        4.000000,       63.000000
        0.681594,        0.060842,        4.000000,       63.000000
        0.708926,        0.061358,        4.000000,       63.000000
        0.721689,        0.064626,        4.000000,       63.000000
        0.709941,        0.068858,        4.000000,       63.000000
        0.693785,        0.071856,        4.000000,       63.000000
        0.667357,        0.073306,        4.000000,       63.000000
        0.622119,        0.073430,        4.000000,       63.000000
        0.573666,        0.073438,        4.000000,       63.000000
        0.540395,        0.073117,        4.000000,       63.000000
        0.548526,        0.071165,        4.000000,       63.000000
        0.608956,        0.067384,        4.000000,       63.000000
        0.717109,        0.062448,        4.000000,       63.000000
        0.862772,        0.059316,        4.000000,       63.000000
        0.983840,        0.058540,        4.000000,       63.000000
        1.045329,        0.058275,        4.000000,       63.000000
        1.075231,        0.058127,        4.000000,       63.000000
        1.065701,        0.059894,        4.000000,       63.000000
        1.010315,        0.064005,        4.000000,       63.000000
        0.960714,        0.068187,        4.000000,       63.000000
        0.922212,        0.071169,        4.000000,       63.000000
        0.879746,        0.071776,        4.000000,       63.000000
        0.843296,        0.071370,        4.000000,       63.000000
        0.807589,        0.070463,        4.000000,       63.000000
        0.765296,        0.068967,        4.000000,       63.000000
        0.730151,        0.067222,        4.000000,       63.000000
        0.706973,        0.064715,        4.000000,       63.000000
        0.700668,        0.061417,        4.000000,       63.000000
        0.696177,        0.059603,        4.000000,       63.000000
        0.700720,        0.060660,        4.000000,       63.000000
        0.711878,        0.061896,        4.000000,       63.000000
        0.713929,        0.061376,        4.000000,       63.000000
        0.690298,        0.062866,        4.000000,       63.000000
        0.650098,        0.069036,        4.000000,       63.000000
        0.604113,        0.085457,        4.000000,       63.000000
        0.551357,        0.122009,        4.000000,       63.000000
        0.499595,        0.178112,        4.000000,       63.000000
       -0.322910,        0.160470,        5.000000,       63.000000
       -0.339237,        0.109048,        5.000000,       63.000000
       -0.356104,        0.081534,        5.000000,       63.000000
       -0.373702,        0.074275,        5.000000,       63.000000
       -0.364625,        0.073565,        5.000000,       63.000000
       -0.330386,        0.070254,        5.000000,       63.000000
       -0.287266,        0.066492,        5.000000,       63.000000
       -0.231560,        0.062729,        5.000000,       63.000000
       -0.159594,        0.058876,        5.000000,       63.000000
       -0.083553,        0.056109,        5.000000,       63.000000
       -0.024376,        0.054702,        5.000000,       63.000000
        0.003074,        0.054565,        5.000000,       63.000000
        0.020682,        0.053760,        5.000000,       63.000000
        0.020269,        0.054491,        5.000000,       63.000000
       -0.005376,        0.058228,        5.000000,       63.000000
       -0.072278,        0.062528,        5.000000,       63.000000
       -0.125173,        0.066056,        5.000000,       63.000000
       -0.147707,        0.067507,        5.000000,       63.000000
       -0.143750,        0.067239,        5.000000,       63.000000
       -0.142966,        0.066702,        5.000000,       63.000000
       -0.152682,        0.065826,        5.000000,       63.000000
       -0.175552,        0.064268,        5.000000,       63.000000
       -0.221003,        0.062064,        5.000000,       63.000000
       -0.269214,        0.058907,        5.000000,       63.000000
       -0.300415,        0.055853,        5.000000,       63.000000
       -0.327036,        0.055317,        5.000000,       63.000000
       -0.358003,        0.056288,        5.000000,       63.000000
       -0.381949,        0.056121,        5.000000,       63.000000
       -0.406254,        0.056903,        5.000000,       63.000000
       -0.429555,        0.059968,        5.000000,       63.000000
       -0.441429,        0.063147,        5.000000,       63.000000
       -0.426679,        0.065577,        5.000000,       63.000000
       -0.413589,        0.066929,        5.000000,       63.000000
       -0.420049,        0.067387,        5.000000,       63.000000
       -0.442301,        0.067283,        5.000000,       63.000000
       -0.472620,        0.066764,        5.000000,       63.000000
       -0.512755,        0.065386,        5.000000,       63.000000
       -0.543164,        0.062634,        5.000000,       63.000000
       -0.549897,        0.058153,        5.000000,       63.000000
       -0.521020,        0.054885,        5.000000,       63.000000
       -0.474869,        0.054287,        5.000000,       63.000000
       -0.402010,        0.053953,        5.000000,       63.000000
       -0.289567,        0.053564,        5.000000,       63.000000
       -0.182619,        0.055632,        5.000000,       63.000000
       -0.091826,        0.059460,        5.000000,       63.000000
       -0.032282,        0.063042,        5.000000,       63.000000
       -0.008112,        0.065796,        5.000000,       63.000000
       -0.038025,        0.065901,        5.000000,       63.000000
       -0.098062,        0.065293,        5.000000,       63.000000
       -0.152749,        0.064870,        5.000000,       63.000000
       -0.205123,        0.064121,        5.000000,       63.000000
       -0.247044,        0.062747,        5.000000,       63.000000
       -0.271797,        0.060091,        5.000000,       63.000000
       -0.285730,        0.056871,        5.000000,       63.000000
       -0.280447,        0.055329,        5.000000,       63.000000
       -0.289063,        0.056028,        5.000000,       63.000000
       -0.316531,        0.057269,        5.000000,       63.000000
       -0.346605,        0.057067,        5.000000,       63.000000
       -0.354220,        0.057790,        5.000000,       63.000000
       -0.343364,        0.062399,        5.000000,       63.000000
       -0.320606,        0.076798,        5.000000,       63.000000
       -0.300818,        0.111251,        5.000000,       63.000000
       -0.281256,        0.166021,        5.000000,       63.000000
