      788.002700,        0.000000,        0.000000,        0.000000
     -199.353200,        0.000000,        0.000000,        0.000000
    -1676.758100,        0.000000,        0.000000,        0.000000
      -31.737100,        0.000000,        0.000000,        0.000000
     -932.468200,        0.000000,        0.000000,        0.000000
    -1675.639600,        0.000000,        0.000000,        0.000000
     -860.235900,        0.000000,        0.000000,        0.000000
     -138.386300,        0.000000,        0.000000,        0.000000
    -1668.392600,        0.000000,        0.000000,        0.000000
       -4.541000,        0.000000,        0.000000,        0.000000
      898.146200,        0.000000,        0.000000,        0.000000
    -1659.717000,        0.000000,        0.000000,        0.000000
       -0.011542,        0.011026,        0.000000,        0.000000
        0.012159,        0.010585,        0.000000,        0.000000
        0.045131,        0.005762,        0.000000,        0.000000
        1.554700,        0.000000,        0.000000,        0.000000
       -1.269000,        0.000000,        0.000000,        0.000000
       23.729500,        0.000000,        0.000000,        0.000000
       -4.322191,        0.217797,        1.000000,       48.000000
       -4.322552,        0.153879,        1.000000,       48.000000
       -4.322736,        0.112086,        1.000000,       48.000000
       -4.323151,        0.093215,        1.000000,       48.000000
       -4.337215,        0.088205,        1.000000,       48.000000
       -4.378735,        0.088360,        1.000000,       48.000000
       -4.444206,        0.089134,        1.000000,       48.000000
       -4.511509,        0.088832,        1.000000,       48.000000
       -4.545559,        0.087082,        1.000000,       48.000000
       -4.510411,        0.085363,        1.000000,       48.000000
       -4.359469,        0.084745,        1.000000,       48.000000
       -4.074564,        0.084860,        1.000000,       48.000000
       -3.661029,        0.085843,        1.000000,       48.000000
       -3.152483,        0.088380,        1.000000,       48.000000
       -2.601755,        0.091858,        1.000000,       48.000000
       -2.050993,        0.094538,        1.000000,       48.000000
       -1.533288,        0.095127,        1.000000,       48.000000
       -1.085974,        0.093039,        1.000000,       48.000000
       -0.751689,        0.090528,        1.000000,       48.000000
       -0.546559,        0.088966,        1.000000,       48.000000
       -0.460315,        0.088443,        1.000000,       48.000000
       -0.476096,        0.088377,        1.000000,       48.000000
       -0.570219,        0.087913,        1.000000,       48.000000
       -0.732683,        0.086501,        1.000000,       48.000000
       -0.939915,        0.085018,        1.000000,       48.000000
       -1.166845,        0.084364,        1.000000,       48.000000
       -1.406409,        0.084567,        1.000000,       48.000000
       -1.679094,        0.085551,        1.000000,       48.000000
       -2.038918,        0.087894,        1.000000,       48.000000
       -2.498939,        0.091307,        1.000000,       48.000000
       -3.064606,        0.094190,        1.000000,       48.000000
       -3.724217,        0.095154,        1.000000,       48.000000
       -4.441306,        0.093608,        1.000000,       48.000000
       -5.173815,        0.091173,        1.000000,       48.000000
       -5.888417,        0.089406,        1.000000,       48.000000
       -6.545327,        0.089061,        1.000000,       48.000000
       -7.092530,        0.089643,        1.000000,       48.000000
       -7.451030,        0.089927,        1.000000,       48.000000
       -7.588116,        0.088672,        1.000000,       48.000000
       -7.507142,        0.087041,        1.000000,       48.000000
       -7.241358,        0.086410,        1.000000,       48.000000
       -6.871236,        0.086629,        1.000000,       48.000000
       -6.511131,        0.087557,        1.000000,       48.000000
       -6.229951,        0.091375,        1.000000,       48.000000
       -6.043020,        0.102180,        1.000000,       48.000000
       -5.921015,        0.126523,        1.000000,       48.000000
       -5.818811,        0.171697,        1.000000,       48.000000
       -5.715236,        0.237071,        1.000000,       48.000000
        0.276051,        0.179215,        2.000000,       48.000000
        0.228772,        0.147419,        2.000000,       48.000000
        0.181498,        0.119636,        2.000000,       48.000000
        0.134202,        0.096941,        2.000000,       48.000000
        0.086991,        0.080507,        2.000000,       48.000000
        0.039648,        0.071049,        2.000000,       48.000000
       -0.006073,        0.067446,        2.000000,       48.000000
       -0.048230,        0.067294,        2.000000,       48.000000
       -0.085059,        0.068389,        2.000000,       48.000000
       -0.114195,        0.069793,        2.000000,       48.000000
       -0.134009,        0.071226,        2.000000,       48.000000
       -0.146270,        0.072705,        2.000000,       48.000000
       -0.154456,        0.074289,        2.000000,       48.000000
       -0.157811,        0.075945,        2.000000,       48.000000
       -0.156611,        0.077430,        2.000000,       48.000000
       -0.151215,        0.078237,        2.000000,       48.000000
       -0.143149,        0.077956,        2.000000,       48.000000
       -0.133710,        0.076474,        2.000000,       48.000000
       -0.124244,        0.074082,        2.000000,       48.000000
       -0.116025,        0.071445,        2.000000,       48.000000
       -0.110866,        0.069372,        2.000000,       48.000000
       -0.109537,        0.068220,        2.000000,       48.000000
       -0.112116,        0.067846,        2.000000,       48.000000
       -0.117930,        0.067872,        2.000000,       48.000000
       -0.125164,        0.068274,        2.000000,       48.000000
       -0.131687,        0.069053,        2.000000,       48.000000
       -0.136404,        0.070297,        2.000000,       48.000000
       -0.140629,        0.071936,        2.000000,       48.000000
       -0.143380,        0.073811,        2.000000,       48.000000
       -0.142917,        0.075635,        2.000000,       48.000000
       -0.136745,        0.076864,        2.000000,       48.000000
       -0.124856,        0.077036,        2.000000,       48.000000
       -0.106723,        0.076006,        2.000000,       48.000000
       -0.081979,        0.074020,        2.000000,       48.000000
       -0.050398,        0.071731,        2.000000,       48.000000
       -0.011354,        0.069992,        2.000000,       48.000000
        0.035927,        0.069147,        2.000000,       48.000000
        0.090821,        0.069020,        2.000000,       48.000000
        0.148519,        0.069159,        2.000000,       48.000000
        0.206463,        0.069725,        2.000000,       48.000000
        0.258715,        0.071236,        2.000000,       48.000000
        0.300492,        0.074667,        2.000000,       48.000000
        0.330961,        0.081325,        2.000000,       48.000000
        0.354403,        0.092476,        2.000000,       48.000000
        0.376334,        0.108863,        2.000000,       48.000000
        0.396409,        0.130356,        2.000000,       48.000000
        0.415404,        0.156443,        2.000000,       48.000000
        0.434425,        0.186548,        2.000000,       48.000000
        0.170560,        0.137589,        3.000000,       48.000000
        0.137793,        0.114322,        3.000000,       48.000000
        0.105053,        0.096802,        3.000000,       48.000000
        0.072366,        0.085396,        3.000000,       48.000000
        0.041248,        0.078921,        3.000000,       48.000000
        0.013557,        0.075523,        3.000000,       48.000000
       -0.009948,        0.073648,        3.000000,       48.000000
       -0.028718,        0.072422,        3.000000,       48.000000
       -0.042315,        0.071469,        3.000000,       48.000000
       -0.049982,        0.070699,        3.000000,       48.000000
       -0.050083,        0.070206,        3.000000,       48.000000
       -0.043711,        0.070036,        3.000000,       48.000000
       -0.030761,        0.070202,        3.000000,       48.000000
       -0.010278,        0.070666,        3.000000,       48.000000
        0.016768,        0.071205,        3.000000,       48.000000
        0.047623,        0.071517,        3.000000,       48.000000
        0.077356,        0.071401,        3.000000,       48.000000
        0.100772,        0.071101,        3.000000,       48.000000
        0.112410,        0.071072,        3.000000,       48.000000
        0.110800,        0.071379,        3.000000,       48.000000
        0.098246,        0.071535,        3.000000,       48.000000
        0.075447,        0.071253,        3.000000,       48.000000
        0.043370,        0.070578,        3.000000,       48.000000
        0.003923,        0.069766,        3.000000,       48.000000
       -0.039176,        0.069043,        3.000000,       48.000000
       -0.082147,        0.068644,        3.000000,       48.000000
       -0.118762,        0.068673,        3.000000,       48.000000
       -0.144371,        0.069189,        3.000000,       48.000000
       -0.157719,        0.070113,        3.000000,       48.000000
       -0.161735,        0.071250,        3.000000,       48.000000
       -0.160631,        0.072306,        3.000000,       48.000000
       -0.156500,        0.072989,        3.000000,       48.000000
       -0.151537,        0.073434,        3.000000,       48.000000
       -0.146335,        0.073978,        3.000000,       48.000000
       -0.141263,        0.074633,        3.000000,       48.000000
       -0.137407,        0.074993,        3.000000,       48.000000
       -0.136016,        0.074789,        3.000000,       48.000000
       -0.137856,        0.074066,        3.000000,       48.000000
       -0.140030,        0.072995,        3.000000,       48.000000
       -0.143427,        0.072054,        3.000000,       48.000000
       -0.150147,        0.072068,        3.000000,       48.000000
       -0.157727,        0.074211,        3.000000,       48.000000
       -0.164028,        0.080001,        3.000000,       48.000000
       -0.166522,        0.090892,        3.000000,       48.000000
       -0.168826,        0.107602,        3.000000,       48.000000
       -0.172531,        0.129936,        3.000000,       48.000000
       -0.176754,        0.157069,        3.000000,       48.000000
       -0.180913,        0.188205,        3.000000,       48.000000
        0.412244,        0.131205,        4.000000,       48.000000
        0.388352,        0.107298,        4.000000,       48.000000
        0.364478,        0.088774,        4.000000,       48.000000
        0.341635,        0.076112,        4.000000,       48.000000
        0.321418,        0.068667,        4.000000,       48.000000
        0.303026,        0.065059,        4.000000,       48.000000
        0.285207,        0.063641,        4.000000,       48.000000
        0.268109,        0.063166,        4.000000,       48.000000
        0.252805,        0.062917,        4.000000,       48.000000
        0.240546,        0.062820,        4.000000,       48.000000
        0.232303,        0.062963,        4.000000,       48.000000
        0.229096,        0.063368,        4.000000,       48.000000
        0.231836,        0.064074,        4.000000,       48.000000
        0.239556,        0.065092,        4.000000,       48.000000
        0.251024,        0.066202,        4.000000,       48.000000
        0.264736,        0.067034,        4.000000,       48.000000
        0.278334,        0.067324,        4.000000,       48.000000
        0.289730,        0.066980,        4.000000,       48.000000
        0.298238,        0.066265,        4.000000,       48.000000
        0.303494,        0.065466,        4.000000,       48.000000
        0.308164,        0.064700,        4.000000,       48.000000
        0.311821,        0.064027,        4.000000,       48.000000
        0.313631,        0.063447,        4.000000,       48.000000
        0.312687,        0.062959,        4.000000,       48.000000
        0.306930,        0.062686,        4.000000,       48.000000
        0.296664,        0.062692,        4.000000,       48.000000
        0.282241,        0.063050,        4.000000,       48.000000
        0.263434,        0.063731,        4.000000,       48.000000
        0.240745,        0.064671,        4.000000,       48.000000
        0.214989,        0.065770,        4.000000,       48.000000
        0.189204,        0.066706,        4.000000,       48.000000
        0.166986,        0.067185,        4.000000,       48.000000
        0.149985,        0.067098,        4.000000,       48.000000
        0.139224,        0.066610,        4.000000,       48.000000
        0.133863,        0.065975,        4.000000,       48.000000
        0.130368,        0.065356,        4.000000,       48.000000
        0.126788,        0.064840,        4.000000,       48.000000
        0.122486,        0.064428,        4.000000,       48.000000
        0.117486,        0.063997,        4.000000,       48.000000
        0.110717,        0.063706,        4.000000,       48.000000
        0.105205,        0.063768,        4.000000,       48.000000
        0.105916,        0.064592,        4.000000,       48.000000
        0.112173,        0.066939,        4.000000,       48.000000
        0.120036,        0.072015,        4.000000,       48.000000
        0.127432,        0.081223,        4.000000,       48.000000
        0.134259,        0.095510,        4.000000,       48.000000
        0.140883,        0.115260,        4.000000,       48.000000
        0.147462,        0.140058,        4.000000,       48.000000
       -0.165681,        0.121343,        5.000000,       48.000000
       -0.156470,        0.098018,        5.000000,       48.000000
       -0.147233,        0.080419,        5.000000,       48.000000
       -0.140139,        0.069162,        5.000000,       48.000000
       -0.135627,        0.063296,        5.000000,       48.000000
       -0.130834,        0.060921,        5.000000,       48.000000
       -0.124672,        0.060184,        5.000000,       48.000000
       -0.117153,        0.059916,        5.000000,       48.000000
       -0.109062,        0.059627,        5.000000,       48.000000
       -0.102121,        0.059346,        5.000000,       48.000000
       -0.101284,        0.059192,        5.000000,       48.000000
       -0.107876,        0.059276,        5.000000,       48.000000
       -0.121225,        0.059654,        5.000000,       48.000000
       -0.140739,        0.060357,        5.000000,       48.000000
       -0.164477,        0.061285,        5.000000,       48.000000
       -0.187945,        0.062098,        5.000000,       48.000000
       -0.207328,        0.062504,        5.000000,       48.000000
       -0.219372,        0.062422,        5.000000,       48.000000
       -0.220697,        0.062072,        5.000000,       48.000000
       -0.210812,        0.061628,        5.000000,       48.000000
       -0.193507,        0.061090,        5.000000,       48.000000
       -0.172245,        0.060470,        5.000000,       48.000000
       -0.150498,        0.059821,        5.000000,       48.000000
       -0.129689,        0.059140,        5.000000,       48.000000
       -0.113376,        0.058627,        5.000000,       48.000000
       -0.105206,        0.058447,        5.000000,       48.000000
       -0.107858,        0.058621,        5.000000,       48.000000
       -0.121241,        0.059148,        5.000000,       48.000000
       -0.143797,        0.060046,        5.000000,       48.000000
       -0.175289,        0.061141,        5.000000,       48.000000
       -0.212471,        0.062093,        5.000000,       48.000000
       -0.250301,        0.062615,        5.000000,       48.000000
       -0.284956,        0.062621,        5.000000,       48.000000
       -0.312683,        0.062302,        5.000000,       48.000000
       -0.328623,        0.061854,        5.000000,       48.000000
       -0.328561,        0.061400,        5.000000,       48.000000
       -0.313534,        0.060978,        5.000000,       48.000000
       -0.286542,        0.060594,        5.000000,       48.000000
       -0.252003,        0.060099,        5.000000,       48.000000
       -0.215226,        0.059669,        5.000000,       48.000000
       -0.180957,        0.059555,        5.000000,       48.000000
       -0.152251,        0.060043,        5.000000,       48.000000
       -0.129225,        0.061819,        5.000000,       48.000000
       -0.110320,        0.066153,        5.000000,       48.000000
       -0.090752,        0.074471,        5.000000,       48.000000
       -0.070194,        0.087855,        5.000000,       48.000000
       -0.048685,        0.106833,        5.000000,       48.000000
       -0.027216,        0.130983,        5.000000,       48.000000
