      788.002700,        0.000000,        0.000000,        0.000000
     -199.353200,        0.000000,        0.000000,        0.000000
    -1676.758100,        0.000000,        0.000000,        0.000000
      -31.737100,        0.000000,        0.000000,        0.000000
     -932.468200,        0.000000,        0.000000,        0.000000
    -1675.639600,        0.000000,        0.000000,        0.000000
     -860.235900,        0.000000,        0.000000,        0.000000
     -138.386300,        0.000000,        0.000000,        0.000000
    -1668.392600,        0.000000,        0.000000,        0.000000
       -4.541000,        0.000000,        0.000000,        0.000000
      898.146200,        0.000000,        0.000000,        0.000000
    -1659.717000,        0.000000,        0.000000,        0.000000
        0.007315,        0.012052,        0.000000,        0.000000
        0.002081,        0.011925,        0.000000,        0.000000
        0.000306,        0.006462,        0.000000,        0.000000
        1.554700,        0.000000,        0.000000,        0.000000
       -1.269000,        0.000000,        0.000000,        0.000000
       23.729500,        0.000000,        0.000000,        0.000000
       -0.326105,        0.250525,        1.000000,       53.000000
       -0.787629,        0.174730,        1.000000,       53.000000
       -1.250146,        0.125452,        1.000000,       53.000000
       -1.706505,        0.103345,        1.000000,       53.000000
       -2.145698,        0.098093,        1.000000,       53.000000
       -2.540165,        0.098961,        1.000000,       53.000000
       -2.844409,        0.100252,        1.000000,       53.000000
       -3.002332,        0.099731,        1.000000,       53.000000
       -2.967479,        0.098043,        1.000000,       53.000000
       -2.704721,        0.097438,        1.000000,       53.000000
       -2.219282,        0.097783,        1.000000,       53.000000
       -1.570641,        0.097784,        1.000000,       53.000000
       -0.822267,        0.101091,        1.000000,       53.000000
       -0.051988,        0.111766,        1.000000,       53.000000
        0.659739,        0.132698,        1.000000,       53.000000
        1.203048,        0.165160,        1.000000,       53.000000
        1.535343,        0.202434,        1.000000,       53.000000
        1.681380,        0.233287,        1.000000,       53.000000
        1.580597,        0.232010,        1.000000,       53.000000
       -6.236589,        0.297518,        1.000000,       53.000000
       -6.340691,        0.299834,        1.000000,       53.000000
       -6.388400,        0.268188,        1.000000,       53.000000
       -6.389036,        0.224920,        1.000000,       53.000000
       -6.335695,        0.176906,        1.000000,       53.000000
       -6.226650,        0.135156,        1.000000,       53.000000
       -6.058051,        0.109278,        1.000000,       53.000000
       -5.826689,        0.098474,        1.000000,       53.000000
       -5.543695,        0.096223,        1.000000,       53.000000
       -5.158028,        0.097153,        1.000000,       53.000000
       -4.641194,        0.098606,        1.000000,       53.000000
       -3.937895,        0.098389,        1.000000,       53.000000
       -3.079500,        0.096854,        1.000000,       53.000000
       -2.092626,        0.095938,        1.000000,       53.000000
       -1.105216,        0.096247,        1.000000,       53.000000
       -0.238598,        0.096738,        1.000000,       53.000000
        0.423758,        0.098335,        1.000000,       53.000000
        0.864886,        0.101637,        1.000000,       53.000000
        1.093300,        0.104910,        1.000000,       53.000000
        1.134003,        0.105725,        1.000000,       53.000000
        1.022637,        0.103362,        1.000000,       53.000000
        0.809780,        0.100044,        1.000000,       53.000000
        0.509708,        0.097936,        1.000000,       53.000000
        0.131271,        0.097699,        1.000000,       53.000000
       -0.305001,        0.098099,        1.000000,       53.000000
       -0.816607,        0.097573,        1.000000,       53.000000
       -1.439347,        0.096698,        1.000000,       53.000000
       -2.169042,        0.096672,        1.000000,       53.000000
       -2.966810,        0.097390,        1.000000,       53.000000
       -3.798401,        0.100447,        1.000000,       53.000000
       -4.658729,        0.111301,        1.000000,       53.000000
       -5.529152,        0.138426,        1.000000,       53.000000
       -6.393303,        0.190961,        1.000000,       53.000000
       -7.256985,        0.268178,        1.000000,       53.000000
       -0.380266,        0.196339,        2.000000,       53.000000
       -0.350182,        0.159340,        2.000000,       53.000000
       -0.320101,        0.127349,        2.000000,       53.000000
       -0.289996,        0.101833,        2.000000,       53.000000
       -0.259683,        0.084353,        2.000000,       53.000000
       -0.227894,        0.075490,        2.000000,       53.000000
       -0.194887,        0.073304,        2.000000,       53.000000
       -0.158491,        0.074443,        2.000000,       53.000000
       -0.116836,        0.076797,        2.000000,       53.000000
       -0.069086,        0.079968,        2.000000,       53.000000
       -0.014670,        0.084396,        2.000000,       53.000000
        0.041947,        0.090709,        2.000000,       53.000000
        0.097151,        0.099594,        2.000000,       53.000000
        0.149781,        0.111037,        2.000000,       53.000000
        0.198343,        0.123996,        2.000000,       53.000000
        0.240709,        0.136906,        2.000000,       53.000000
        0.277000,        0.147860,        2.000000,       53.000000
        0.307869,        0.155330,        2.000000,       53.000000
        0.331167,        0.153928,        2.000000,       53.000000
        1.983208,        0.169198,        2.000000,       53.000000
        2.006134,        0.170827,        2.000000,       53.000000
        2.015325,        0.162768,        2.000000,       53.000000
        2.014280,        0.150254,        2.000000,       53.000000
        2.001984,        0.134435,        2.000000,       53.000000
        1.978593,        0.117123,        2.000000,       53.000000
        1.944085,        0.100114,        2.000000,       53.000000
        1.897989,        0.085545,        2.000000,       53.000000
        1.841078,        0.075689,        2.000000,       53.000000
        1.777285,        0.071282,        2.000000,       53.000000
        1.708374,        0.071057,        2.000000,       53.000000
        1.630661,        0.072655,        2.000000,       53.000000
        1.539211,        0.074641,        2.000000,       53.000000
        1.429954,        0.076549,        2.000000,       53.000000
        1.303954,        0.078381,        2.000000,       53.000000
        1.166982,        0.080133,        2.000000,       53.000000
        1.028376,        0.081835,        2.000000,       53.000000
        0.889716,        0.083307,        2.000000,       53.000000
        0.751698,        0.084075,        2.000000,       53.000000
        0.618154,        0.083593,        2.000000,       53.000000
        0.493803,        0.081744,        2.000000,       53.000000
        0.383868,        0.078996,        2.000000,       53.000000
        0.292207,        0.076346,        2.000000,       53.000000
        0.220140,        0.074846,        2.000000,       53.000000
        0.173357,        0.074567,        2.000000,       53.000000
        0.148616,        0.075101,        2.000000,       53.000000
        0.140675,        0.076626,        2.000000,       53.000000
        0.148834,        0.080045,        2.000000,       53.000000
        0.171783,        0.086855,        2.000000,       53.000000
        0.209682,        0.098725,        2.000000,       53.000000
        0.258491,        0.116840,        2.000000,       53.000000
        0.310544,        0.141336,        2.000000,       53.000000
        0.363658,        0.171563,        2.000000,       53.000000
        0.416634,        0.206733,        2.000000,       53.000000
        0.301761,        0.159757,        3.000000,       53.000000
        0.268219,        0.131775,        3.000000,       53.000000
        0.234679,        0.110649,        3.000000,       53.000000
        0.201118,        0.096913,        3.000000,       53.000000
        0.167776,        0.089001,        3.000000,       53.000000
        0.135887,        0.084751,        3.000000,       53.000000
        0.107676,        0.082489,        3.000000,       53.000000
        0.083080,        0.081256,        3.000000,       53.000000
        0.063249,        0.080851,        3.000000,       53.000000
        0.053442,        0.081610,        3.000000,       53.000000
        0.052392,        0.084112,        3.000000,       53.000000
        0.055341,        0.089007,        3.000000,       53.000000
        0.059629,        0.096944,        3.000000,       53.000000
        0.060484,        0.107870,        3.000000,       53.000000
        0.055438,        0.120757,        3.000000,       53.000000
        0.044970,        0.133818,        3.000000,       53.000000
        0.030775,        0.144943,        3.000000,       53.000000
        0.013220,        0.152539,        3.000000,       53.000000
       -0.007993,        0.151135,        3.000000,       53.000000
       -1.558058,        0.147641,        3.000000,       53.000000
       -1.578812,        0.148988,        3.000000,       53.000000
       -1.569671,        0.141355,        3.000000,       53.000000
       -1.537910,        0.130301,        3.000000,       53.000000
       -1.481024,        0.117499,        3.000000,       53.000000
       -1.399543,        0.105293,        3.000000,       53.000000
       -1.291236,        0.095581,        3.000000,       53.000000
       -1.157434,        0.089003,        3.000000,       53.000000
       -1.003072,        0.084829,        3.000000,       53.000000
       -0.836858,        0.082125,        3.000000,       53.000000
       -0.666719,        0.080328,        3.000000,       53.000000
       -0.501913,        0.079073,        3.000000,       53.000000
       -0.352059,        0.078293,        3.000000,       53.000000
       -0.227434,        0.077918,        3.000000,       53.000000
       -0.131151,        0.077942,        3.000000,       53.000000
       -0.059468,        0.078354,        3.000000,       53.000000
       -0.006822,        0.079095,        3.000000,       53.000000
        0.025910,        0.080092,        3.000000,       53.000000
        0.036796,        0.081083,        3.000000,       53.000000
        0.028070,        0.081676,        3.000000,       53.000000
        0.000942,        0.081931,        3.000000,       53.000000
       -0.038750,        0.082266,        3.000000,       53.000000
       -0.087641,        0.082573,        3.000000,       53.000000
       -0.147286,        0.082366,        3.000000,       53.000000
       -0.217962,        0.081533,        3.000000,       53.000000
       -0.297178,        0.080495,        3.000000,       53.000000
       -0.381936,        0.080080,        3.000000,       53.000000
       -0.466833,        0.081533,        3.000000,       53.000000
       -0.550261,        0.086611,        3.000000,       53.000000
       -0.632868,        0.097301,        3.000000,       53.000000
       -0.711005,        0.114956,        3.000000,       53.000000
       -0.786888,        0.139712,        3.000000,       53.000000
       -0.862642,        0.170584,        3.000000,       53.000000
       -0.938338,        0.206496,        3.000000,       53.000000
       -0.131088,        0.146836,        4.000000,       53.000000
       -0.090854,        0.118503,        4.000000,       53.000000
       -0.050618,        0.096780,        4.000000,       53.000000
       -0.010075,        0.082370,        4.000000,       53.000000
        0.029444,        0.074379,        4.000000,       53.000000
        0.065454,        0.070901,        4.000000,       53.000000
        0.095525,        0.069848,        4.000000,       53.000000
        0.117873,        0.069666,        4.000000,       53.000000
        0.133235,        0.069725,        4.000000,       53.000000
        0.144101,        0.070223,        4.000000,       53.000000
        0.149564,        0.071543,        4.000000,       53.000000
        0.150993,        0.074207,        4.000000,       53.000000
        0.150853,        0.079115,        4.000000,       53.000000
        0.150320,        0.086765,        4.000000,       53.000000
        0.147822,        0.096758,        4.000000,       53.000000
        0.145185,        0.108019,        4.000000,       53.000000
        0.143237,        0.118567,        4.000000,       53.000000
        0.141712,        0.126352,        4.000000,       53.000000
        0.140806,        0.125386,        4.000000,       53.000000
        0.078532,        0.141579,        4.000000,       53.000000
        0.077627,        0.142806,        4.000000,       53.000000
        0.076207,        0.134669,        4.000000,       53.000000
        0.074377,        0.122854,        4.000000,       53.000000
        0.072124,        0.108972,        4.000000,       53.000000
        0.069328,        0.095310,        4.000000,       53.000000
        0.066500,        0.083910,        4.000000,       53.000000
        0.064883,        0.075861,        4.000000,       53.000000
        0.064053,        0.071164,        4.000000,       53.000000
        0.061004,        0.069050,        4.000000,       53.000000
        0.053864,        0.068495,        4.000000,       53.000000
        0.042757,        0.068556,        4.000000,       53.000000
        0.028854,        0.068829,        4.000000,       53.000000
        0.014386,        0.069253,        4.000000,       53.000000
       -0.000874,        0.069848,        4.000000,       53.000000
       -0.015678,        0.070565,        4.000000,       53.000000
       -0.031203,        0.071396,        4.000000,       53.000000
       -0.045509,        0.072304,        4.000000,       53.000000
       -0.057477,        0.073037,        4.000000,       53.000000
       -0.067716,        0.073230,        4.000000,       53.000000
       -0.077709,        0.072805,        4.000000,       53.000000
       -0.088263,        0.072067,        4.000000,       53.000000
       -0.099186,        0.071366,        4.000000,       53.000000
       -0.110380,        0.070879,        4.000000,       53.000000
       -0.119927,        0.070567,        4.000000,       53.000000
       -0.127335,        0.070312,        4.000000,       53.000000
       -0.132059,        0.070279,        4.000000,       53.000000
       -0.133819,        0.070869,        4.000000,       53.000000
       -0.133412,        0.072901,        4.000000,       53.000000
       -0.130985,        0.077805,        4.000000,       53.000000
       -0.128712,        0.087466,        4.000000,       53.000000
       -0.125680,        0.103407,        4.000000,       53.000000
       -0.121315,        0.126161,        4.000000,       53.000000
       -0.117137,        0.155178,        4.000000,       53.000000
       -0.109933,        0.136055,        5.000000,       53.000000
       -0.090102,        0.108522,        5.000000,       53.000000
       -0.070350,        0.088032,        5.000000,       53.000000
       -0.050415,        0.075442,        5.000000,       53.000000
       -0.031440,        0.069373,        5.000000,       53.000000
       -0.013301,        0.067321,        5.000000,       53.000000
        0.004130,        0.067030,        5.000000,       53.000000
        0.017844,        0.067084,        5.000000,       53.000000
        0.025927,        0.067066,        5.000000,       53.000000
        0.024211,        0.067186,        5.000000,       53.000000
        0.013072,        0.067829,        5.000000,       53.000000
       -0.002280,        0.069547,        5.000000,       53.000000
       -0.018553,        0.073289,        5.000000,       53.000000
       -0.030698,        0.079817,        5.000000,       53.000000
       -0.037876,        0.089018,        5.000000,       53.000000
       -0.043792,        0.099875,        5.000000,       53.000000
       -0.048957,        0.110371,        5.000000,       53.000000
       -0.053164,        0.118283,        5.000000,       53.000000
       -0.056152,        0.117401,        5.000000,       53.000000
       -0.267572,        0.135281,        5.000000,       53.000000
       -0.270504,        0.136453,        5.000000,       53.000000
       -0.271504,        0.128186,        5.000000,       53.000000
       -0.271069,        0.116308,        5.000000,       53.000000
       -0.269045,        0.102519,        5.000000,       53.000000
       -0.265508,        0.089237,        5.000000,       53.000000
       -0.260217,        0.078535,        5.000000,       53.000000
       -0.253817,        0.071337,        5.000000,       53.000000
       -0.248396,        0.067469,        5.000000,       53.000000
       -0.243288,        0.065908,        5.000000,       53.000000
       -0.238609,        0.065587,        5.000000,       53.000000
       -0.234363,        0.065580,        5.000000,       53.000000
       -0.231276,        0.065572,        5.000000,       53.000000
       -0.224662,        0.065691,        5.000000,       53.000000
       -0.209970,        0.066015,        5.000000,       53.000000
       -0.188443,        0.066486,        5.000000,       53.000000
       -0.166372,        0.067227,        5.000000,       53.000000
       -0.147226,        0.068214,        5.000000,       53.000000
       -0.132972,        0.069090,        5.000000,       53.000000
       -0.123351,        0.069461,        5.000000,       53.000000
       -0.117124,        0.069228,        5.000000,       53.000000
       -0.113717,        0.068678,        5.000000,       53.000000
       -0.115116,        0.068108,        5.000000,       53.000000
       -0.123061,        0.067666,        5.000000,       53.000000
       -0.135945,        0.067301,        5.000000,       53.000000
       -0.152408,        0.066924,        5.000000,       53.000000
       -0.171885,        0.066698,        5.000000,       53.000000
       -0.193732,        0.067055,        5.000000,       53.000000
       -0.215217,        0.068643,        5.000000,       53.000000
       -0.236066,        0.072861,        5.000000,       53.000000
       -0.254472,        0.081661,        5.000000,       53.000000
       -0.270006,        0.096628,        5.000000,       53.000000
       -0.285584,        0.118507,        5.000000,       53.000000
       -0.300917,        0.146778,        5.000000,       53.000000
