      788.002700,        0.000000,        0.000000,        0.000000
     -199.353200,        0.000000,        0.000000,        0.000000
    -1676.758100,        0.000000,        0.000000,        0.000000
      -31.737100,        0.000000,        0.000000,        0.000000
     -932.468200,        0.000000,        0.000000,        0.000000
    -1675.639600,        0.000000,        0.000000,        0.000000
     -860.235900,        0.000000,        0.000000,        0.000000
     -138.386300,        0.000000,        0.000000,        0.000000
    -1668.392600,        0.000000,        0.000000,        0.000000
       -4.541000,        0.000000,        0.000000,        0.000000
      898.146200,        0.000000,        0.000000,        0.000000
    -1659.717000,        0.000000,        0.000000,        0.000000
        0.236449,        0.008513,        0.000000,        0.000000
       -0.069520,        0.007989,        0.000000,        0.000000
        0.111160,        0.003882,        0.000000,        0.000000
        1.554700,        0.000000,        0.000000,        0.000000
       -1.269000,        0.000000,        0.000000,        0.000000
       23.729500,        0.000000,        0.000000,        0.000000
       -7.999310,        0.138092,        1.000000,       63.000000
       -8.122795,        0.086029,        1.000000,       63.000000
       -8.249495,        0.064137,        1.000000,       63.000000
       -8.326941,        0.062700,        1.000000,       63.000000
       -8.241028,        0.063731,        1.000000,       63.000000
       -8.028479,        0.059823,        1.000000,       63.000000
       -7.748671,        0.057305,        1.000000,       63.000000
       -7.496780,        0.055746,        1.000000,       63.000000
       -7.334765,        0.052987,        1.000000,       63.000000
       -7.211154,        0.049755,        1.000000,       63.000000
       -7.112953,        0.048871,        1.000000,       63.000000
       -6.966794,        0.049061,        1.000000,       63.000000
       -6.726051,        0.048098,        1.000000,       63.000000
       -6.405365,        0.049661,        1.000000,       63.000000
       -6.024860,        0.053868,        1.000000,       63.000000
       -5.647702,        0.056807,        1.000000,       63.000000
       -5.280814,        0.059405,        1.000000,       63.000000
       -4.959089,        0.059732,        1.000000,       63.000000
       -4.637170,        0.058633,        1.000000,       63.000000
       -4.324990,        0.058164,        1.000000,       63.000000
       -4.124951,        0.057900,        1.000000,       63.000000
       -3.989486,        0.057378,        1.000000,       63.000000
       -3.911389,        0.055834,        1.000000,       63.000000
       -3.899525,        0.053125,        1.000000,       63.000000
       -3.895974,        0.049608,        1.000000,       63.000000
       -3.771269,        0.049318,        1.000000,       63.000000
       -3.545288,        0.050965,        1.000000,       63.000000
       -3.302494,        0.050627,        1.000000,       63.000000
       -3.155977,        0.051091,        1.000000,       63.000000
       -3.145533,        0.054174,        1.000000,       63.000000
       -3.265185,        0.056602,        1.000000,       63.000000
       -3.570415,        0.057994,        1.000000,       63.000000
       -4.018965,        0.058502,        1.000000,       63.000000
       -4.476396,        0.058359,        1.000000,       63.000000
       -5.009804,        0.058305,        1.000000,       63.000000
       -5.687083,        0.058543,        1.000000,       63.000000
       -6.425147,        0.058046,        1.000000,       63.000000
       -7.105941,        0.056158,        1.000000,       63.000000
       -7.702797,        0.052060,        1.000000,       63.000000
       -8.127621,        0.048810,        1.000000,       63.000000
       -8.285568,        0.048686,        1.000000,       63.000000
       -8.102725,        0.048600,        1.000000,       63.000000
       -7.712778,        0.047947,        1.000000,       63.000000
       -7.276128,        0.049849,        1.000000,       63.000000
       -6.931449,        0.053568,        1.000000,       63.000000
       -6.804369,        0.056247,        1.000000,       63.000000
       -6.873317,        0.058385,        1.000000,       63.000000
       -6.991598,        0.057494,        1.000000,       63.000000
       -7.045548,        0.056618,        1.000000,       63.000000
       -7.057617,        0.056181,        1.000000,       63.000000
       -7.030750,        0.055505,        1.000000,       63.000000
       -6.933682,        0.055263,        1.000000,       63.000000
       -6.826577,        0.053901,        1.000000,       63.000000
       -6.769306,        0.051066,        1.000000,       63.000000
       -6.760235,        0.049051,        1.000000,       63.000000
       -6.782405,        0.050243,        1.000000,       63.000000
       -6.781761,        0.051513,        1.000000,       63.000000
       -6.721690,        0.050526,        1.000000,       63.000000
       -6.568777,        0.051882,        1.000000,       63.000000
       -6.216804,        0.055421,        1.000000,       63.000000
       -5.672716,        0.063131,        1.000000,       63.000000
       -5.046751,        0.092069,        1.000000,       63.000000
       -4.432515,        0.146070,        1.000000,       63.000000
        0.499304,        0.155493,        2.000000,       63.000000
        0.516989,        0.126266,        2.000000,       63.000000
        0.534730,        0.100862,        2.000000,       63.000000
        0.552226,        0.080173,        2.000000,       63.000000
        0.570609,        0.064984,        2.000000,       63.000000
        0.590243,        0.055236,        2.000000,       63.000000
        0.609177,        0.050256,        2.000000,       63.000000
        0.621924,        0.047823,        2.000000,       63.000000
        0.620235,        0.046033,        2.000000,       63.000000
        0.601283,        0.044620,        2.000000,       63.000000
        0.567995,        0.043757,        2.000000,       63.000000
        0.528721,        0.043725,        2.000000,       63.000000
        0.492068,        0.044600,        2.000000,       63.000000
        0.464343,        0.046785,        2.000000,       63.000000
        0.454335,        0.050149,        2.000000,       63.000000
        0.460965,        0.053692,        2.000000,       63.000000
        0.485203,        0.056390,        2.000000,       63.000000
        0.525408,        0.057589,        2.000000,       63.000000
        0.576245,        0.057019,        2.000000,       63.000000
        0.632972,        0.055086,        2.000000,       63.000000
        0.689646,        0.052617,        2.000000,       63.000000
        0.746662,        0.050336,        2.000000,       63.000000
        0.803793,        0.048285,        2.000000,       63.000000
        0.861944,        0.046230,        2.000000,       63.000000
        0.914995,        0.044540,        2.000000,       63.000000
        0.953583,        0.043748,        2.000000,       63.000000
        0.977593,        0.044005,        2.000000,       63.000000
        0.996123,        0.045072,        2.000000,       63.000000
        1.006520,        0.047039,        2.000000,       63.000000
        1.000196,        0.049932,        2.000000,       63.000000
        0.973953,        0.053070,        2.000000,       63.000000
        0.933333,        0.055465,        2.000000,       63.000000
        0.887465,        0.056546,        2.000000,       63.000000
        0.846027,        0.056065,        2.000000,       63.000000
        0.818163,        0.054462,        2.000000,       63.000000
        0.816410,        0.052397,        2.000000,       63.000000
        0.847029,        0.050353,        2.000000,       63.000000
        0.911554,        0.048219,        2.000000,       63.000000
        0.999653,        0.045901,        2.000000,       63.000000
        1.098980,        0.043994,        2.000000,       63.000000
        1.191161,        0.042917,        2.000000,       63.000000
        1.252594,        0.042820,        2.000000,       63.000000
        1.286353,        0.043762,        2.000000,       63.000000
        1.292692,        0.045892,        2.000000,       63.000000
        1.271526,        0.048960,        2.000000,       63.000000
        1.229697,        0.051973,        2.000000,       63.000000
        1.177647,        0.053984,        2.000000,       63.000000
        1.122132,        0.054441,        2.000000,       63.000000
        1.066657,        0.053341,        2.000000,       63.000000
        1.015302,        0.051414,        2.000000,       63.000000
        0.972866,        0.049554,        2.000000,       63.000000
        0.943629,        0.048234,        2.000000,       63.000000
        0.930115,        0.047097,        2.000000,       63.000000
        0.932833,        0.045904,        2.000000,       63.000000
        0.949182,        0.045071,        2.000000,       63.000000
        0.986153,        0.044747,        2.000000,       63.000000
        1.034988,        0.044916,        2.000000,       63.000000
        1.078981,        0.046110,        2.000000,       63.000000
        1.112553,        0.050192,        2.000000,       63.000000
        1.130894,        0.059232,        2.000000,       63.000000
        1.145079,        0.074068,        2.000000,       63.000000
        1.159418,        0.094409,        2.000000,       63.000000
        1.173944,        0.119425,        2.000000,       63.000000
       -0.049162,        0.089716,        3.000000,       63.000000
       -0.022810,        0.072224,        3.000000,       63.000000
        0.003517,        0.062034,        3.000000,       63.000000
        0.034881,        0.058005,        3.000000,       63.000000
        0.070838,        0.056661,        3.000000,       63.000000
        0.110160,        0.055324,        3.000000,       63.000000
        0.149821,        0.052828,        3.000000,       63.000000
        0.186997,        0.049436,        3.000000,       63.000000
        0.219633,        0.046019,        3.000000,       63.000000
        0.238393,        0.043408,        3.000000,       63.000000
        0.230296,        0.042010,        3.000000,       63.000000
        0.190713,        0.041542,        3.000000,       63.000000
        0.126946,        0.041769,        3.000000,       63.000000
        0.052963,        0.042995,        3.000000,       63.000000
       -0.020037,        0.045175,        3.000000,       63.000000
       -0.081620,        0.047598,        3.000000,       63.000000
       -0.126856,        0.049367,        3.000000,       63.000000
       -0.150975,        0.050325,        3.000000,       63.000000
       -0.152240,        0.051054,        3.000000,       63.000000
       -0.129230,        0.051784,        3.000000,       63.000000
       -0.084169,        0.051911,        3.000000,       63.000000
       -0.024291,        0.050878,        3.000000,       63.000000
        0.040884,        0.048753,        3.000000,       63.000000
        0.101065,        0.046257,        3.000000,       63.000000
        0.138868,        0.044260,        3.000000,       63.000000
        0.145604,        0.043183,        3.000000,       63.000000
        0.136817,        0.042870,        3.000000,       63.000000
        0.123746,        0.043037,        3.000000,       63.000000
        0.105228,        0.043864,        3.000000,       63.000000
        0.084930,        0.045568,        3.000000,       63.000000
        0.068601,        0.047694,        3.000000,       63.000000
        0.054496,        0.049374,        3.000000,       63.000000
        0.037238,        0.050498,        3.000000,       63.000000
        0.016819,        0.051515,        3.000000,       63.000000
       -0.003623,        0.052234,        3.000000,       63.000000
       -0.022021,        0.052083,        3.000000,       63.000000
       -0.041342,        0.050604,        3.000000,       63.000000
       -0.065732,        0.048062,        3.000000,       63.000000
       -0.095855,        0.045350,        3.000000,       63.000000
       -0.125293,        0.043377,        3.000000,       63.000000
       -0.136428,        0.042379,        3.000000,       63.000000
       -0.120093,        0.041991,        3.000000,       63.000000
       -0.078241,        0.042182,        3.000000,       63.000000
       -0.020580,        0.043272,        3.000000,       63.000000
        0.042204,        0.045178,        3.000000,       63.000000
        0.101391,        0.047240,        3.000000,       63.000000
        0.155335,        0.048644,        3.000000,       63.000000
        0.200256,        0.049492,        3.000000,       63.000000
        0.232703,        0.050317,        3.000000,       63.000000
        0.253054,        0.050888,        3.000000,       63.000000
        0.264306,        0.050609,        3.000000,       63.000000
        0.268891,        0.049125,        3.000000,       63.000000
        0.269329,        0.046902,        3.000000,       63.000000
        0.266644,        0.044736,        3.000000,       63.000000
        0.259535,        0.043302,        3.000000,       63.000000
        0.240252,        0.042818,        3.000000,       63.000000
        0.192185,        0.042893,        3.000000,       63.000000
        0.118577,        0.043755,        3.000000,       63.000000
        0.019856,        0.047201,        3.000000,       63.000000
       -0.099056,        0.055599,        3.000000,       63.000000
       -0.233205,        0.070306,        3.000000,       63.000000
       -0.370345,        0.090826,        3.000000,       63.000000
       -0.507080,        0.116069,        3.000000,       63.000000
        0.593271,        0.123563,        4.000000,       63.000000
        0.582677,        0.101618,        4.000000,       63.000000
        0.572246,        0.085010,        4.000000,       63.000000
        0.562579,        0.073634,        4.000000,       63.000000
        0.554569,        0.066351,        4.000000,       63.000000
        0.548269,        0.061604,        4.000000,       63.000000
        0.544858,        0.058324,        4.000000,       63.000000
        0.545102,        0.055767,        4.000000,       63.000000
        0.547754,        0.053554,        4.000000,       63.000000
        0.550691,        0.051787,        4.000000,       63.000000
        0.551384,        0.050715,        4.000000,       63.000000
        0.547569,        0.050449,        4.000000,       63.000000
        0.535038,        0.050912,        4.000000,       63.000000
        0.515212,        0.052254,        4.000000,       63.000000
        0.494920,        0.054303,        4.000000,       63.000000
        0.476822,        0.056459,        4.000000,       63.000000
        0.467061,        0.058298,        4.000000,       63.000000
        0.466673,        0.059487,        4.000000,       63.000000
        0.474106,        0.059939,        4.000000,       63.000000
        0.487483,        0.059746,        4.000000,       63.000000
        0.504717,        0.058973,        4.000000,       63.000000
        0.521708,        0.057700,        4.000000,       63.000000
        0.537270,        0.056016,        4.000000,       63.000000
        0.552253,        0.054197,        4.000000,       63.000000
        0.566542,        0.052700,        4.000000,       63.000000
        0.583231,        0.051902,        4.000000,       63.000000
        0.606913,        0.051831,        4.000000,       63.000000
        0.629031,        0.052259,        4.000000,       63.000000
        0.643684,        0.053169,        4.000000,       63.000000
        0.653683,        0.054616,        4.000000,       63.000000
        0.658410,        0.056261,        4.000000,       63.000000
        0.661345,        0.057683,        4.000000,       63.000000
        0.663612,        0.058655,        4.000000,       63.000000
        0.666360,        0.059060,        4.000000,       63.000000
        0.673386,        0.058923,        4.000000,       63.000000
        0.688204,        0.058224,        4.000000,       63.000000
        0.714534,        0.056928,        4.000000,       63.000000
        0.753469,        0.055168,        4.000000,       63.000000
        0.802747,        0.053239,        4.000000,       63.000000
        0.858062,        0.051670,        4.000000,       63.000000
        0.908907,        0.050738,        4.000000,       63.000000
        0.947522,        0.050454,        4.000000,       63.000000
        0.973150,        0.050827,        4.000000,       63.000000
        0.983218,        0.051904,        4.000000,       63.000000
        0.977193,        0.053533,        4.000000,       63.000000
        0.962197,        0.055246,        4.000000,       63.000000
        0.940535,        0.056639,        4.000000,       63.000000
        0.912954,        0.057447,        4.000000,       63.000000
        0.882595,        0.057670,        4.000000,       63.000000
        0.850911,        0.057369,        4.000000,       63.000000
        0.818900,        0.056634,        4.000000,       63.000000
        0.789254,        0.055612,        4.000000,       63.000000
        0.763370,        0.054414,        4.000000,       63.000000
        0.742164,        0.053211,        4.000000,       63.000000
        0.724390,        0.052344,        4.000000,       63.000000
        0.710021,        0.052037,        4.000000,       63.000000
        0.697937,        0.052306,        4.000000,       63.000000
        0.686070,        0.053600,        4.000000,       63.000000
        0.672194,        0.057353,        4.000000,       63.000000
        0.657085,        0.065167,        4.000000,       63.000000
        0.641521,        0.078205,        4.000000,       63.000000
        0.625139,        0.096970,        4.000000,       63.000000
        0.608848,        0.120824,        4.000000,       63.000000
       -0.462630,        0.117834,        5.000000,       63.000000
       -0.429922,        0.095870,        5.000000,       63.000000
       -0.397291,        0.079374,        5.000000,       63.000000
       -0.364689,        0.068373,        5.000000,       63.000000
       -0.328834,        0.061641,        5.000000,       63.000000
       -0.289610,        0.057380,        5.000000,       63.000000
       -0.248171,        0.054453,        5.000000,       63.000000
       -0.204977,        0.052090,        5.000000,       63.000000
       -0.161579,        0.050003,        5.000000,       63.000000
       -0.120649,        0.048300,        5.000000,       63.000000
       -0.085566,        0.047123,        5.000000,       63.000000
       -0.059614,        0.046585,        5.000000,       63.000000
       -0.042284,        0.046638,        5.000000,       63.000000
       -0.035699,        0.047472,        5.000000,       63.000000
       -0.040934,        0.049067,        5.000000,       63.000000
       -0.058643,        0.050954,        5.000000,       63.000000
       -0.080852,        0.052631,        5.000000,       63.000000
       -0.104374,        0.053748,        5.000000,       63.000000
       -0.128475,        0.054216,        5.000000,       63.000000
       -0.155372,        0.054123,        5.000000,       63.000000
       -0.185102,        0.053512,        5.000000,       63.000000
       -0.217395,        0.052454,        5.000000,       63.000000
       -0.252602,        0.051101,        5.000000,       63.000000
       -0.287659,        0.049651,        5.000000,       63.000000
       -0.319333,        0.048436,        5.000000,       63.000000
       -0.348221,        0.047817,        5.000000,       63.000000
       -0.375353,        0.047801,        5.000000,       63.000000
       -0.399915,        0.048185,        5.000000,       63.000000
       -0.422957,        0.049070,        5.000000,       63.000000
       -0.444114,        0.050444,        5.000000,       63.000000
       -0.462141,        0.051956,        5.000000,       63.000000
       -0.475527,        0.053274,        5.000000,       63.000000
       -0.486953,        0.054188,        5.000000,       63.000000
       -0.498227,        0.054615,        5.000000,       63.000000
       -0.508504,        0.054515,        5.000000,       63.000000
       -0.515893,        0.053876,        5.000000,       63.000000
       -0.518642,        0.052699,        5.000000,       63.000000
       -0.512457,        0.051072,        5.000000,       63.000000
       -0.493875,        0.049217,        5.000000,       63.000000
       -0.461116,        0.047648,        5.000000,       63.000000
       -0.417253,        0.046728,        5.000000,       63.000000
       -0.364965,        0.046425,        5.000000,       63.000000
       -0.307204,        0.046770,        5.000000,       63.000000
       -0.252734,        0.047894,        5.000000,       63.000000
       -0.205978,        0.049537,        5.000000,       63.000000
       -0.171424,        0.051224,        5.000000,       63.000000
       -0.151799,        0.052568,        5.000000,       63.000000
       -0.148900,        0.053284,        5.000000,       63.000000
       -0.159562,        0.053463,        5.000000,       63.000000
       -0.177990,        0.053204,        5.000000,       63.000000
       -0.201886,        0.052542,        5.000000,       63.000000
       -0.227871,        0.051544,        5.000000,       63.000000
       -0.253254,        0.050322,        5.000000,       63.000000
       -0.277337,        0.049130,        5.000000,       63.000000
       -0.297885,        0.048303,        5.000000,       63.000000
       -0.316861,        0.047964,        5.000000,       63.000000
       -0.334212,        0.048098,        5.000000,       63.000000
       -0.347859,        0.049006,        5.000000,       63.000000
       -0.355103,        0.051952,        5.000000,       63.000000
       -0.356709,        0.058719,        5.000000,       63.000000
       -0.354492,        0.070767,        5.000000,       63.000000
       -0.351822,        0.088707,        5.000000,       63.000000
       -0.349244,        0.111920,        5.000000,       63.000000
