      788.002700,        0.000000,        0.000000,        0.000000
     -199.353200,        0.000000,        0.000000,        0.000000
    -1676.758100,        0.000000,        0.000000,        0.000000
      -31.737100,        0.000000,        0.000000,        0.000000
     -932.468200,        0.000000,        0.000000,        0.000000
    -1675.639600,        0.000000,        0.000000,        0.000000
     -860.235900,        0.000000,        0.000000,        0.000000
     -138.386300,        0.000000,        0.000000,        0.000000
    -1668.392600,        0.000000,        0.000000,        0.000000
       -4.541000,        0.000000,        0.000000,        0.000000
      898.146200,        0.000000,        0.000000,        0.000000
    -1659.717000,        0.000000,        0.000000,        0.000000
        0.134980,        0.011594,        0.000000,        0.000000
       -0.007277,        0.010683,        0.000000,        0.000000
        0.036635,        0.005597,        0.000000,        0.000000
        1.939200,        0.000000,        0.000000,        0.000000
       -0.765300,        0.000000,        0.000000,        0.000000
       21.333900,        0.000000,        0.000000,        0.000000
       -3.812400,        0.408683,        1.000000,       63.000000
       -4.206135,        0.221949,        1.000000,       63.000000
       -4.611346,        0.154833,        1.000000,       63.000000
       -5.069270,        0.149048,        1.000000,       63.000000
       -5.537254,        0.148642,        1.000000,       63.000000
       -5.874838,        0.143163,        1.000000,       63.000000
       -5.883496,        0.142641,        1.000000,       63.000000
       -5.718244,        0.140882,        1.000000,       63.000000
       -5.383272,        0.135211,        1.000000,       63.000000
       -4.833215,        0.126855,        1.000000,       63.000000
       -4.100459,        0.128257,        1.000000,       63.000000
       -3.311200,        0.132972,        1.000000,       63.000000
       -2.528326,        0.130489,        1.000000,       63.000000
       -1.768675,        0.131373,        1.000000,       63.000000
       -1.035320,        0.139089,        1.000000,       63.000000
       -0.412450,        0.147111,        1.000000,       63.000000
        0.041360,        0.151299,        1.000000,       63.000000
        0.390603,        0.200296,        1.000000,       63.000000
        0.709269,        0.289510,        1.000000,       63.000000
        0.963413,        0.363024,        1.000000,       63.000000
        1.148309,        0.399682,        1.000000,       63.000000
        1.251310,        0.391340,        1.000000,       63.000000
        1.262237,        0.339574,        1.000000,       63.000000
        1.168964,        0.256159,        1.000000,       63.000000
        0.964675,        0.174490,        1.000000,       63.000000
        0.630264,        0.152994,        1.000000,       63.000000
        0.321746,        0.146014,        1.000000,       63.000000
        0.184121,        0.145030,        1.000000,       63.000000
        0.250809,        0.146780,        1.000000,       63.000000
        0.344711,        0.143133,        1.000000,       63.000000
        0.404679,        0.136485,        1.000000,       63.000000
        0.251755,        0.125364,        1.000000,       63.000000
       -0.139617,        0.124712,        1.000000,       63.000000
       -0.643095,        0.126115,        1.000000,       63.000000
       -1.101890,        0.124623,        1.000000,       63.000000
       -1.517199,        0.130882,        1.000000,       63.000000
       -1.735605,        0.140708,        1.000000,       63.000000
       -1.852415,        0.147312,        1.000000,       63.000000
       -1.902207,        0.146009,        1.000000,       63.000000
       -1.944498,        0.142587,        1.000000,       63.000000
       -1.972613,        0.140918,        1.000000,       63.000000
       -1.846906,        0.139107,        1.000000,       63.000000
       -1.532265,        0.138775,        1.000000,       63.000000
       -1.304629,        0.135098,        1.000000,       63.000000
       -1.271601,        0.126158,        1.000000,       63.000000
       -1.264646,        0.124663,        1.000000,       63.000000
       -1.036616,        0.127621,        1.000000,       63.000000
       -0.461746,        0.125283,        1.000000,       63.000000
        0.234381,        0.126616,        1.000000,       63.000000
        0.786388,        0.134672,        1.000000,       63.000000
        1.029879,        0.140880,        1.000000,       63.000000
        1.016061,        0.144605,        1.000000,       63.000000
        0.916706,        0.141642,        1.000000,       63.000000
        0.754585,        0.142773,        1.000000,       63.000000
        0.458430,        0.145136,        1.000000,       63.000000
        0.159210,        0.142001,        1.000000,       63.000000
       -0.027116,        0.139620,        1.000000,       63.000000
        0.121907,        0.133607,        1.000000,       63.000000
        0.616014,        0.126006,        1.000000,       63.000000
        1.325119,        0.135647,        1.000000,       63.000000
        2.218685,        0.150710,        1.000000,       63.000000
        3.187199,        0.231049,        1.000000,       63.000000
        4.155553,        0.414495,        1.000000,       63.000000
       -0.495912,        0.439689,        2.000000,       63.000000
       -0.419140,        0.336899,        2.000000,       63.000000
       -0.342444,        0.248159,        2.000000,       63.000000
       -0.265394,        0.178137,        2.000000,       63.000000
       -0.188302,        0.132271,        2.000000,       63.000000
       -0.069379,        0.111494,        2.000000,       63.000000
        0.137302,        0.107735,        2.000000,       63.000000
        0.379558,        0.107059,        2.000000,       63.000000
        0.596654,        0.103429,        2.000000,       63.000000
        0.793619,        0.099559,        2.000000,       63.000000
        0.963483,        0.096360,        2.000000,       63.000000
        1.082506,        0.095678,        2.000000,       63.000000
        1.170170,        0.096465,        2.000000,       63.000000
        1.225762,        0.101630,        2.000000,       63.000000
        1.235287,        0.113972,        2.000000,       63.000000
        1.217005,        0.135184,        2.000000,       63.000000
        1.185759,        0.161703,        2.000000,       63.000000
        1.159447,        0.190163,        2.000000,       63.000000
        1.138604,        0.216892,        2.000000,       63.000000
        1.119478,        0.237687,        2.000000,       63.000000
        1.099149,        0.249964,        2.000000,       63.000000
        1.074477,        0.252298,        2.000000,       63.000000
        1.042369,        0.244289,        2.000000,       63.000000
        0.999762,        0.226509,        2.000000,       63.000000
        0.943429,        0.200689,        2.000000,       63.000000
        0.870777,        0.170030,        2.000000,       63.000000
        0.776572,        0.140451,        2.000000,       63.000000
        0.669737,        0.118559,        2.000000,       63.000000
        0.613824,        0.108055,        2.000000,       63.000000
        0.612124,        0.104364,        2.000000,       63.000000
        0.614958,        0.100510,        2.000000,       63.000000
        0.636659,        0.095878,        2.000000,       63.000000
        0.694548,        0.093015,        2.000000,       63.000000
        0.773343,        0.093174,        2.000000,       63.000000
        0.826707,        0.096960,        2.000000,       63.000000
        0.844961,        0.105690,        2.000000,       63.000000
        0.862585,        0.117771,        2.000000,       63.000000
        0.880851,        0.127220,        2.000000,       63.000000
        0.894763,        0.129906,        2.000000,       63.000000
        0.905824,        0.124594,        2.000000,       63.000000
        0.920323,        0.114917,        2.000000,       63.000000
        0.913486,        0.106569,        2.000000,       63.000000
        0.848778,        0.102411,        2.000000,       63.000000
        0.777411,        0.099218,        2.000000,       63.000000
        0.709384,        0.095574,        2.000000,       63.000000
        0.632573,        0.093373,        2.000000,       63.000000
        0.517553,        0.093375,        2.000000,       63.000000
        0.372751,        0.095252,        2.000000,       63.000000
        0.209833,        0.101255,        2.000000,       63.000000
        0.054799,        0.111697,        2.000000,       63.000000
       -0.079026,        0.122940,        2.000000,       63.000000
       -0.173780,        0.129895,        2.000000,       63.000000
       -0.218904,        0.129772,        2.000000,       63.000000
       -0.194814,        0.123093,        2.000000,       63.000000
       -0.083729,        0.114237,        2.000000,       63.000000
        0.060342,        0.107849,        2.000000,       63.000000
        0.205004,        0.104414,        2.000000,       63.000000
        0.388846,        0.101254,        2.000000,       63.000000
        0.607631,        0.105678,        2.000000,       63.000000
        0.837007,        0.131290,        2.000000,       63.000000
        1.064882,        0.183402,        2.000000,       63.000000
        1.292754,        0.257256,        2.000000,       63.000000
        1.520692,        0.348095,        2.000000,       63.000000
       -0.122081,        0.238457,        3.000000,       63.000000
       -0.007324,        0.172706,        3.000000,       63.000000
        0.108719,        0.138422,        3.000000,       63.000000
        0.204146,        0.131910,        3.000000,       63.000000
        0.236336,        0.133952,        3.000000,       63.000000
        0.200388,        0.132994,        3.000000,       63.000000
        0.127206,        0.125073,        3.000000,       63.000000
        0.045710,        0.113463,        3.000000,       63.000000
       -0.025199,        0.102965,        3.000000,       63.000000
       -0.093437,        0.096323,        3.000000,       63.000000
       -0.110786,        0.094591,        3.000000,       63.000000
       -0.086209,        0.094819,        3.000000,       63.000000
       -0.028007,        0.095756,        3.000000,       63.000000
        0.085696,        0.098674,        3.000000,       63.000000
        0.237990,        0.108190,        3.000000,       63.000000
        0.414332,        0.126879,        3.000000,       63.000000
        0.589474,        0.151171,        3.000000,       63.000000
        0.746131,        0.175715,        3.000000,       63.000000
        0.884210,        0.195566,        3.000000,       63.000000
        1.003689,        0.206958,        3.000000,       63.000000
        1.104659,        0.208181,        3.000000,       63.000000
        1.187101,        0.199096,        3.000000,       63.000000
        1.251321,        0.181317,        3.000000,       63.000000
        1.296435,        0.158666,        3.000000,       63.000000
        1.326001,        0.138536,        3.000000,       63.000000
        1.325774,        0.129476,        3.000000,       63.000000
        1.308908,        0.128454,        3.000000,       63.000000
        1.312374,        0.128407,        3.000000,       63.000000
        1.314101,        0.123897,        3.000000,       63.000000
        1.283497,        0.114367,        3.000000,       63.000000
        1.198615,        0.103542,        3.000000,       63.000000
        1.090799,        0.095463,        3.000000,       63.000000
        0.983958,        0.091675,        3.000000,       63.000000
        0.860388,        0.091110,        3.000000,       63.000000
        0.744586,        0.093012,        3.000000,       63.000000
        0.677589,        0.097921,        3.000000,       63.000000
        0.669129,        0.104310,        3.000000,       63.000000
        0.681382,        0.107917,        3.000000,       63.000000
        0.691912,        0.108524,        3.000000,       63.000000
        0.668772,        0.111086,        3.000000,       63.000000
        0.619964,        0.114843,        3.000000,       63.000000
        0.575877,        0.115457,        3.000000,       63.000000
        0.508995,        0.110286,        3.000000,       63.000000
        0.397292,        0.101965,        3.000000,       63.000000
        0.261535,        0.095126,        3.000000,       63.000000
        0.155456,        0.091848,        3.000000,       63.000000
        0.109390,        0.091122,        3.000000,       63.000000
        0.129766,        0.092216,        3.000000,       63.000000
        0.177908,        0.095561,        3.000000,       63.000000
        0.217613,        0.101319,        3.000000,       63.000000
        0.250069,        0.106845,        3.000000,       63.000000
        0.302354,        0.108714,        3.000000,       63.000000
        0.406575,        0.109913,        3.000000,       63.000000
        0.559416,        0.114822,        3.000000,       63.000000
        0.691095,        0.119626,        3.000000,       63.000000
        0.792609,        0.118922,        3.000000,       63.000000
        0.878002,        0.111647,        3.000000,       63.000000
        0.951943,        0.102250,        3.000000,       63.000000
        0.983810,        0.098912,        3.000000,       63.000000
        0.975565,        0.113556,        3.000000,       63.000000
        0.948578,        0.154727,        3.000000,       63.000000
        0.915522,        0.220670,        3.000000,       63.000000
        0.882400,        0.305652,        3.000000,       63.000000
       -0.119368,        0.219736,        4.000000,       63.000000
       -0.041188,        0.154621,        4.000000,       63.000000
        0.037408,        0.116732,        4.000000,       63.000000
        0.111877,        0.101559,        4.000000,       63.000000
        0.178104,        0.096883,        4.000000,       63.000000
        0.195064,        0.094438,        4.000000,       63.000000
        0.130891,        0.091626,        4.000000,       63.000000
        0.069313,        0.087786,        4.000000,       63.000000
        0.028213,        0.083222,        4.000000,       63.000000
        0.007539,        0.080001,        4.000000,       63.000000
        0.045012,        0.079598,        4.000000,       63.000000
        0.082334,        0.080367,        4.000000,       63.000000
        0.112651,        0.079663,        4.000000,       63.000000
        0.172118,        0.080483,        4.000000,       63.000000
        0.276929,        0.085371,        4.000000,       63.000000
        0.365405,        0.094693,        4.000000,       63.000000
        0.425757,        0.107988,        4.000000,       63.000000
        0.469703,        0.128342,        4.000000,       63.000000
        0.466387,        0.151904,        4.000000,       63.000000
        0.430470,        0.170519,        4.000000,       63.000000
        0.369503,        0.179905,        4.000000,       63.000000
        0.292952,        0.178263,        4.000000,       63.000000
        0.209742,        0.166039,        4.000000,       63.000000
        0.129042,        0.145998,        4.000000,       63.000000
        0.059588,        0.124045,        4.000000,       63.000000
        0.011944,        0.108780,        4.000000,       63.000000
        0.007733,        0.100114,        4.000000,       63.000000
        0.051104,        0.096057,        4.000000,       63.000000
        0.070684,        0.093653,        4.000000,       63.000000
        0.071043,        0.090360,        4.000000,       63.000000
        0.103239,        0.085973,        4.000000,       63.000000
        0.120657,        0.082264,        4.000000,       63.000000
        0.140745,        0.080792,        4.000000,       63.000000
        0.171664,        0.081020,        4.000000,       63.000000
        0.217011,        0.082166,        4.000000,       63.000000
        0.285624,        0.085571,        4.000000,       63.000000
        0.338443,        0.091129,        4.000000,       63.000000
        0.376673,        0.095590,        4.000000,       63.000000
        0.373432,        0.097117,        4.000000,       63.000000
        0.341289,        0.096166,        4.000000,       63.000000
        0.279653,        0.094332,        4.000000,       63.000000
        0.209934,        0.091816,        4.000000,       63.000000
        0.184830,        0.088682,        4.000000,       63.000000
        0.168175,        0.084767,        4.000000,       63.000000
        0.161165,        0.081546,        4.000000,       63.000000
        0.169340,        0.080387,        4.000000,       63.000000
        0.207382,        0.080741,        4.000000,       63.000000
        0.265631,        0.081387,        4.000000,       63.000000
        0.270475,        0.083133,        4.000000,       63.000000
        0.230986,        0.087015,        4.000000,       63.000000
        0.198101,        0.091635,        4.000000,       63.000000
        0.168140,        0.094831,        4.000000,       63.000000
        0.149918,        0.095936,        4.000000,       63.000000
        0.116296,        0.095861,        4.000000,       63.000000
        0.047750,        0.094856,        4.000000,       63.000000
       -0.004555,        0.092602,        4.000000,       63.000000
       -0.001550,        0.089704,        4.000000,       63.000000
        0.007319,        0.086342,        4.000000,       63.000000
        0.020441,        0.084752,        4.000000,       63.000000
       -0.004711,        0.090105,        4.000000,       63.000000
       -0.037601,        0.109707,        4.000000,       63.000000
       -0.081686,        0.153671,        4.000000,       63.000000
       -0.126773,        0.222622,        4.000000,       63.000000
        0.233612,        0.207497,        5.000000,       63.000000
        0.115890,        0.142047,        5.000000,       63.000000
       -0.004647,        0.104849,        5.000000,       63.000000
       -0.112219,        0.092159,        5.000000,       63.000000
       -0.154087,        0.089941,        5.000000,       63.000000
       -0.151524,        0.088617,        5.000000,       63.000000
       -0.125706,        0.086069,        5.000000,       63.000000
       -0.107334,        0.082013,        5.000000,       63.000000
       -0.086481,        0.077693,        5.000000,       63.000000
       -0.047818,        0.075210,        5.000000,       63.000000
       -0.039975,        0.074659,        5.000000,       63.000000
       -0.074999,        0.075166,        5.000000,       63.000000
       -0.092351,        0.074677,        5.000000,       63.000000
       -0.081295,        0.075033,        5.000000,       63.000000
       -0.095579,        0.078102,        5.000000,       63.000000
       -0.132209,        0.085622,        5.000000,       63.000000
       -0.157193,        0.097086,        5.000000,       63.000000
       -0.185264,        0.116298,        5.000000,       63.000000
       -0.222147,        0.139971,        5.000000,       63.000000
       -0.257392,        0.158936,        5.000000,       63.000000
       -0.285761,        0.168545,        5.000000,       63.000000
       -0.300573,        0.166856,        5.000000,       63.000000
       -0.295712,        0.154356,        5.000000,       63.000000
       -0.264236,        0.134038,        5.000000,       63.000000
       -0.201945,        0.112542,        5.000000,       63.000000
       -0.093933,        0.099067,        5.000000,       63.000000
        0.014537,        0.091920,        5.000000,       63.000000
        0.068464,        0.089102,        5.000000,       63.000000
        0.087247,        0.087556,        5.000000,       63.000000
        0.078006,        0.084812,        5.000000,       63.000000
        0.062186,        0.080544,        5.000000,       63.000000
       -0.001900,        0.076279,        5.000000,       63.000000
       -0.100831,        0.074751,        5.000000,       63.000000
       -0.157607,        0.074573,        5.000000,       63.000000
       -0.243135,        0.075110,        5.000000,       63.000000
       -0.308829,        0.078525,        5.000000,       63.000000
       -0.347665,        0.083554,        5.000000,       63.000000
       -0.362614,        0.087461,        5.000000,       63.000000
       -0.345968,        0.088777,        5.000000,       63.000000
       -0.282652,        0.088351,        5.000000,       63.000000
       -0.220774,        0.087074,        5.000000,       63.000000
       -0.176330,        0.085358,        5.000000,       63.000000
       -0.110629,        0.082910,        5.000000,       63.000000
       -0.011893,        0.079396,        5.000000,       63.000000
        0.057803,        0.075696,        5.000000,       63.000000
        0.054365,        0.074298,        5.000000,       63.000000
        0.050891,        0.074658,        5.000000,       63.000000
        0.016332,        0.074551,        5.000000,       63.000000
       -0.048616,        0.076007,        5.000000,       63.000000
       -0.042061,        0.079876,        5.000000,       63.000000
        0.009420,        0.083961,        5.000000,       63.000000
        0.106513,        0.086695,        5.000000,       63.000000
        0.192821,        0.087352,        5.000000,       63.000000
        0.222845,        0.087817,        5.000000,       63.000000
        0.251100,        0.087724,        5.000000,       63.000000
        0.280222,        0.085976,        5.000000,       63.000000
        0.278643,        0.083111,        5.000000,       63.000000
        0.257077,        0.079721,        5.000000,       63.000000
        0.283900,        0.078114,        5.000000,       63.000000
        0.342732,        0.081606,        5.000000,       63.000000
        0.404581,        0.098034,        5.000000,       63.000000
        0.499785,        0.139014,        5.000000,       63.000000
        0.591221,        0.206092,        5.000000,       63.000000
