      788.002700,        0.000000,        0.000000,        0.000000
     -199.353200,        0.000000,        0.000000,        0.000000
    -1676.758100,        0.000000,        0.000000,        0.000000
      -31.737100,        0.000000,        0.000000,        0.000000
     -932.468200,        0.000000,        0.000000,        0.000000
    -1675.639600,        0.000000,        0.000000,        0.000000
     -860.235900,        0.000000,        0.000000,        0.000000
     -138.386300,        0.000000,        0.000000,        0.000000
    -1668.392600,        0.000000,        0.000000,        0.000000
       -4.541000,        0.000000,        0.000000,        0.000000
      898.146200,        0.000000,        0.000000,        0.000000
    -1659.717000,        0.000000,        0.000000,        0.000000
        0.064061,        0.014631,        0.000000,        0.000000
        0.010347,        0.013654,        0.000000,        0.000000
        0.020649,        0.007149,        0.000000,        0.000000
        1.554700,        0.000000,        0.000000,        0.000000
       -1.269000,        0.000000,        0.000000,        0.000000
       23.729500,        0.000000,        0.000000,        0.000000
      -16.056055,        0.317047,        1.000000,       72.000000
      -15.493805,        0.227325,        1.000000,       72.000000
      -14.930465,        0.170085,        1.000000,       72.000000
      -14.343489,        0.144752,        1.000000,       72.000000
      -13.713321,        0.137708,        1.000000,       72.000000
      -13.078898,        0.136116,        1.000000,       72.000000
      -12.489910,        0.133838,        1.000000,       72.000000
      -12.037894,        0.129076,        1.000000,       72.000000
      -11.801702,        0.122979,        1.000000,       72.000000
      -11.786175,        0.118144,        1.000000,       72.000000
      -11.957514,        0.116312,        1.000000,       72.000000
      -12.282337,        0.116091,        1.000000,       72.000000
      -12.724802,        0.116168,        1.000000,       72.000000
      -13.242423,        0.119972,        1.000000,       72.000000
      -13.749449,        0.131822,        1.000000,       72.000000
      -14.179836,        0.155572,        1.000000,       72.000000
      -14.508485,        0.193252,        1.000000,       72.000000
      -14.728546,        0.238038,        1.000000,       72.000000
      -14.848509,        0.276435,        1.000000,       72.000000
      -14.832490,        0.276259,        1.000000,       72.000000
       -3.150787,        0.355904,        1.000000,       72.000000
       -3.134444,        0.356204,        1.000000,       72.000000
       -3.068386,        0.316466,        1.000000,       72.000000
       -2.966225,        0.264777,        1.000000,       72.000000
       -2.823868,        0.210563,        1.000000,       72.000000
       -2.644652,        0.168603,        1.000000,       72.000000
       -2.377642,        0.145887,        1.000000,       72.000000
       -1.975878,        0.137266,        1.000000,       72.000000
       -1.476384,        0.134067,        1.000000,       72.000000
       -0.910645,        0.131020,        1.000000,       72.000000
       -0.306385,        0.126369,        1.000000,       72.000000
        0.323674,        0.120943,        1.000000,       72.000000
        0.976966,        0.117275,        1.000000,       72.000000
        1.640473,        0.116345,        1.000000,       72.000000
        2.293429,        0.116782,        1.000000,       72.000000
        2.879339,        0.118410,        1.000000,       72.000000
        3.431870,        0.122782,        1.000000,       72.000000
        3.963156,        0.129483,        1.000000,       72.000000
        4.471705,        0.135627,        1.000000,       72.000000
        4.947239,        0.140253,        1.000000,       72.000000
        5.412745,        0.141203,        1.000000,       72.000000
        5.908921,        0.140128,        1.000000,       72.000000
        6.388374,        0.137952,        1.000000,       72.000000
        6.838212,        0.135533,        1.000000,       72.000000
        7.234605,        0.132846,        1.000000,       72.000000
        7.519487,        0.129868,        1.000000,       72.000000
        7.698655,        0.125924,        1.000000,       72.000000
        7.811270,        0.120998,        1.000000,       72.000000
        7.865462,        0.117350,        1.000000,       72.000000
        7.856638,        0.116263,        1.000000,       72.000000
        7.703340,        0.116540,        1.000000,       72.000000
        7.351152,        0.117280,        1.000000,       72.000000
        6.671422,        0.120304,        1.000000,       72.000000
        5.712116,        0.125663,        1.000000,       72.000000
        4.597798,        0.130972,        1.000000,       72.000000
        3.426605,        0.134541,        1.000000,       72.000000
        2.274583,        0.135694,        1.000000,       72.000000
        1.199341,        0.135282,        1.000000,       72.000000
        0.270623,        0.134341,        1.000000,       72.000000
       -0.464314,        0.132947,        1.000000,       72.000000
       -1.003128,        0.130826,        1.000000,       72.000000
       -1.415833,        0.127236,        1.000000,       72.000000
       -1.731328,        0.122464,        1.000000,       72.000000
       -1.978407,        0.118797,        1.000000,       72.000000
       -2.185471,        0.117961,        1.000000,       72.000000
       -2.369362,        0.118444,        1.000000,       72.000000
       -2.492666,        0.119365,        1.000000,       72.000000
       -2.541803,        0.124147,        1.000000,       72.000000
       -2.497868,        0.138484,        1.000000,       72.000000
       -2.398927,        0.171801,        1.000000,       72.000000
       -2.281284,        0.235237,        1.000000,       72.000000
       -2.163916,        0.327869,        1.000000,       72.000000
        3.162204,        0.313152,        2.000000,       72.000000
        2.780672,        0.265708,        2.000000,       72.000000
        2.399126,        0.223298,        2.000000,       72.000000
        2.017668,        0.186825,        2.000000,       72.000000
        1.635966,        0.157239,        2.000000,       72.000000
        1.254001,        0.135066,        2.000000,       72.000000
        0.872809,        0.119701,        2.000000,       72.000000
        0.494269,        0.109642,        2.000000,       72.000000
        0.122375,        0.103394,        2.000000,       72.000000
       -0.233109,        0.100254,        2.000000,       72.000000
       -0.569256,        0.100020,        2.000000,       72.000000
       -0.880169,        0.103020,        2.000000,       72.000000
       -1.157078,        0.109627,        2.000000,       72.000000
       -1.397024,        0.120169,        2.000000,       72.000000
       -1.597003,        0.134270,        2.000000,       72.000000
       -1.756514,        0.150538,        2.000000,       72.000000
       -1.876898,        0.167021,        2.000000,       72.000000
       -1.957779,        0.181391,        2.000000,       72.000000
       -2.002802,        0.191781,        2.000000,       72.000000
       -1.998979,        0.191581,        2.000000,       72.000000
        0.850119,        0.249799,        2.000000,       72.000000
        0.854019,        0.250088,        2.000000,       72.000000
        0.853127,        0.239649,        2.000000,       72.000000
        0.848627,        0.224314,        2.000000,       72.000000
        0.840118,        0.205346,        2.000000,       72.000000
        0.827666,        0.184695,        2.000000,       72.000000
        0.811049,        0.164105,        2.000000,       72.000000
        0.790624,        0.145268,        2.000000,       72.000000
        0.762410,        0.129496,        2.000000,       72.000000
        0.724725,        0.117307,        2.000000,       72.000000
        0.680063,        0.108532,        2.000000,       72.000000
        0.633577,        0.102856,        2.000000,       72.000000
        0.591702,        0.100084,        2.000000,       72.000000
        0.557611,        0.099791,        2.000000,       72.000000
        0.536583,        0.101518,        2.000000,       72.000000
        0.542059,        0.104824,        2.000000,       72.000000
        0.575595,        0.109216,        2.000000,       72.000000
        0.623719,        0.114027,        2.000000,       72.000000
        0.676192,        0.118205,        2.000000,       72.000000
        0.724048,        0.120921,        2.000000,       72.000000
        0.758801,        0.121689,        2.000000,       72.000000
        0.772465,        0.120418,        2.000000,       72.000000
        0.756625,        0.117522,        2.000000,       72.000000
        0.704151,        0.113729,        2.000000,       72.000000
        0.614585,        0.109811,        2.000000,       72.000000
        0.491059,        0.106230,        2.000000,       72.000000
        0.342369,        0.103040,        2.000000,       72.000000
        0.177369,        0.100394,        2.000000,       72.000000
        0.002025,        0.098788,        2.000000,       72.000000
       -0.171679,        0.098467,        2.000000,       72.000000
       -0.329018,        0.099616,        2.000000,       72.000000
       -0.461252,        0.102165,        2.000000,       72.000000
       -0.564639,        0.105924,        2.000000,       72.000000
       -0.632578,        0.110385,        2.000000,       72.000000
       -0.665553,        0.114622,        2.000000,       72.000000
       -0.666637,        0.117723,        2.000000,       72.000000
       -0.641306,        0.119148,        2.000000,       72.000000
       -0.596307,        0.118737,        2.000000,       72.000000
       -0.538406,        0.116820,        2.000000,       72.000000
       -0.476341,        0.113970,        2.000000,       72.000000
       -0.418083,        0.110682,        2.000000,       72.000000
       -0.362661,        0.107134,        2.000000,       72.000000
       -0.304505,        0.103565,        2.000000,       72.000000
       -0.237052,        0.100843,        2.000000,       72.000000
       -0.156381,        0.100132,        2.000000,       72.000000
       -0.062501,        0.103050,        2.000000,       72.000000
        0.046193,        0.111457,        2.000000,       72.000000
        0.161443,        0.127098,        2.000000,       72.000000
        0.278054,        0.150734,        2.000000,       72.000000
        0.397936,        0.181892,        2.000000,       72.000000
        0.519213,        0.219688,        2.000000,       72.000000
        0.640470,        0.263194,        2.000000,       72.000000
        0.627488,        0.219929,        3.000000,       72.000000
        0.531535,        0.186746,        3.000000,       72.000000
        0.435297,        0.161036,        3.000000,       72.000000
        0.344452,        0.142687,        3.000000,       72.000000
        0.263225,        0.130012,        3.000000,       72.000000
        0.195670,        0.120992,        3.000000,       72.000000
        0.145899,        0.113904,        3.000000,       72.000000
        0.118156,        0.107958,        3.000000,       72.000000
        0.114156,        0.103134,        3.000000,       72.000000
        0.131258,        0.099853,        3.000000,       72.000000
        0.164297,        0.098864,        3.000000,       72.000000
        0.203935,        0.100826,        3.000000,       72.000000
        0.245760,        0.106485,        3.000000,       72.000000
        0.284264,        0.116377,        3.000000,       72.000000
        0.315564,        0.130155,        3.000000,       72.000000
        0.338461,        0.146541,        3.000000,       72.000000
        0.355137,        0.163362,        3.000000,       72.000000
        0.365673,        0.178035,        3.000000,       72.000000
        0.370607,        0.188625,        3.000000,       72.000000
        0.368041,        0.188425,        3.000000,       72.000000
       -1.532055,        0.204225,        3.000000,       72.000000
       -1.534558,        0.204452,        3.000000,       72.000000
       -1.493269,        0.194700,        3.000000,       72.000000
       -1.419759,        0.181287,        3.000000,       72.000000
       -1.311029,        0.166059,        3.000000,       72.000000
       -1.167161,        0.151484,        3.000000,       72.000000
       -0.996853,        0.138871,        3.000000,       72.000000
       -0.812288,        0.128264,        3.000000,       72.000000
       -0.621580,        0.119259,        3.000000,       72.000000
       -0.429590,        0.111540,        3.000000,       72.000000
       -0.242229,        0.105159,        3.000000,       72.000000
       -0.061511,        0.100370,        3.000000,       72.000000
        0.107259,        0.097299,        3.000000,       72.000000
        0.257817,        0.096009,        3.000000,       72.000000
        0.392826,        0.096375,        3.000000,       72.000000
        0.507616,        0.098146,        3.000000,       72.000000
        0.584904,        0.101056,        3.000000,       72.000000
        0.613899,        0.104613,        3.000000,       72.000000
        0.589866,        0.108063,        3.000000,       72.000000
        0.504856,        0.110767,        3.000000,       72.000000
        0.353451,        0.112601,        3.000000,       72.000000
        0.132492,        0.113827,        3.000000,       72.000000
       -0.152087,        0.114364,        3.000000,       72.000000
       -0.493409,        0.113858,        3.000000,       72.000000
       -0.877629,        0.112032,        3.000000,       72.000000
       -1.289172,        0.108979,        3.000000,       72.000000
       -1.712444,        0.105266,        3.000000,       72.000000
       -2.129311,        0.101684,        3.000000,       72.000000
       -2.526711,        0.098866,        3.000000,       72.000000
       -2.899574,        0.097278,        3.000000,       72.000000
       -3.224083,        0.096965,        3.000000,       72.000000
       -3.476843,        0.097950,        3.000000,       72.000000
       -3.640715,        0.100204,        3.000000,       72.000000
       -3.721036,        0.103409,        3.000000,       72.000000
       -3.727167,        0.106989,        3.000000,       72.000000
       -3.667463,        0.110153,        3.000000,       72.000000
       -3.551820,        0.112581,        3.000000,       72.000000
       -3.389398,        0.114308,        3.000000,       72.000000
       -3.185094,        0.115119,        3.000000,       72.000000
       -2.945522,        0.114616,        3.000000,       72.000000
       -2.675430,        0.112584,        3.000000,       72.000000
       -2.380023,        0.109331,        3.000000,       72.000000
       -2.062597,        0.105617,        3.000000,       72.000000
       -1.726164,        0.102429,        3.000000,       72.000000
       -1.379059,        0.101014,        3.000000,       72.000000
       -1.019574,        0.102837,        3.000000,       72.000000
       -0.651846,        0.110016,        3.000000,       72.000000
       -0.282825,        0.124778,        3.000000,       72.000000
        0.089121,        0.148138,        3.000000,       72.000000
        0.461674,        0.179729,        3.000000,       72.000000
        0.834129,        0.218295,        3.000000,       72.000000
        1.206553,        0.262628,        3.000000,       72.000000
        0.393780,        0.198472,        4.000000,       72.000000
        0.322727,        0.164909,        4.000000,       72.000000
        0.251639,        0.138826,        4.000000,       72.000000
        0.180124,        0.120383,        4.000000,       72.000000
        0.109519,        0.108480,        4.000000,       72.000000
        0.040207,        0.101256,        4.000000,       72.000000
       -0.026255,        0.096678,        4.000000,       72.000000
       -0.087945,        0.093269,        4.000000,       72.000000
       -0.143994,        0.090375,        4.000000,       72.000000
       -0.194009,        0.088102,        4.000000,       72.000000
       -0.237955,        0.086883,        4.000000,       72.000000
       -0.275738,        0.087151,        4.000000,       72.000000
       -0.305463,        0.089481,        4.000000,       72.000000
       -0.325790,        0.094802,        4.000000,       72.000000
       -0.339692,        0.103602,        4.000000,       72.000000
       -0.348145,        0.115453,        4.000000,       72.000000
       -0.353215,        0.129134,        4.000000,       72.000000
       -0.356812,        0.142354,        4.000000,       72.000000
       -0.358757,        0.152597,        4.000000,       72.000000
       -0.358545,        0.152467,        4.000000,       72.000000
       -0.211097,        0.187089,        4.000000,       72.000000
       -0.210869,        0.187275,        4.000000,       72.000000
       -0.203623,        0.176935,        4.000000,       72.000000
       -0.191217,        0.162749,        4.000000,       72.000000
       -0.173181,        0.146648,        4.000000,       72.000000
       -0.149502,        0.131276,        4.000000,       72.000000
       -0.121634,        0.118341,        4.000000,       72.000000
       -0.092372,        0.108386,        4.000000,       72.000000
       -0.060433,        0.101146,        4.000000,       72.000000
       -0.025777,        0.096001,        4.000000,       72.000000
        0.009785,        0.092310,        4.000000,       72.000000
        0.046518,        0.089752,        4.000000,       72.000000
        0.081774,        0.088275,        4.000000,       72.000000
        0.114144,        0.087806,        4.000000,       72.000000
        0.140025,        0.088267,        4.000000,       72.000000
        0.157984,        0.089541,        4.000000,       72.000000
        0.168834,        0.091577,        4.000000,       72.000000
        0.176175,        0.094166,        4.000000,       72.000000
        0.181623,        0.096674,        4.000000,       72.000000
        0.185041,        0.098641,        4.000000,       72.000000
        0.184707,        0.099666,        4.000000,       72.000000
        0.179946,        0.099734,        4.000000,       72.000000
        0.170943,        0.098991,        4.000000,       72.000000
        0.158301,        0.097603,        4.000000,       72.000000
        0.142418,        0.095735,        4.000000,       72.000000
        0.125617,        0.093615,        4.000000,       72.000000
        0.108398,        0.091421,        4.000000,       72.000000
        0.089844,        0.089435,        4.000000,       72.000000
        0.070205,        0.088075,        4.000000,       72.000000
        0.048054,        0.087490,        4.000000,       72.000000
        0.022491,        0.087699,        4.000000,       72.000000
       -0.004591,        0.088619,        4.000000,       72.000000
       -0.034926,        0.090228,        4.000000,       72.000000
       -0.070006,        0.092375,        4.000000,       72.000000
       -0.106475,        0.094607,        4.000000,       72.000000
       -0.140490,        0.096419,        4.000000,       72.000000
       -0.171447,        0.097535,        4.000000,       72.000000
       -0.199109,        0.097862,        4.000000,       72.000000
       -0.219464,        0.097442,        4.000000,       72.000000
       -0.230690,        0.096394,        4.000000,       72.000000
       -0.231239,        0.094844,        4.000000,       72.000000
       -0.222520,        0.092933,        4.000000,       72.000000
       -0.208304,        0.090868,        4.000000,       72.000000
       -0.192666,        0.089137,        4.000000,       72.000000
       -0.180442,        0.088248,        4.000000,       72.000000
       -0.174647,        0.088674,        4.000000,       72.000000
       -0.175549,        0.091412,        4.000000,       72.000000
       -0.178364,        0.098287,        4.000000,       72.000000
       -0.178913,        0.111182,        4.000000,       72.000000
       -0.178199,        0.131385,        4.000000,       72.000000
       -0.177382,        0.159459,        4.000000,       72.000000
       -0.176570,        0.194752,        4.000000,       72.000000
        0.196360,        0.183581,        5.000000,       72.000000
        0.156759,        0.150588,        5.000000,       72.000000
        0.117251,        0.125449,        5.000000,       72.000000
        0.076897,        0.108460,        5.000000,       72.000000
        0.035026,        0.098261,        5.000000,       72.000000
       -0.004150,        0.092559,        5.000000,       72.000000
       -0.038580,        0.089089,        5.000000,       72.000000
       -0.068298,        0.086379,        5.000000,       72.000000
       -0.091521,        0.083936,        5.000000,       72.000000
       -0.107043,        0.081918,        5.000000,       72.000000
       -0.114449,        0.080636,        5.000000,       72.000000
       -0.113219,        0.080473,        5.000000,       72.000000
       -0.104991,        0.081995,        5.000000,       72.000000
       -0.091852,        0.086152,        5.000000,       72.000000
       -0.074739,        0.093742,        5.000000,       72.000000
       -0.055267,        0.104719,        5.000000,       72.000000
       -0.039576,        0.117950,        5.000000,       72.000000
       -0.028911,        0.131123,        5.000000,       72.000000
       -0.022923,        0.141510,        5.000000,       72.000000
       -0.023260,        0.141391,        5.000000,       72.000000
       -0.283456,        0.175301,        5.000000,       72.000000
       -0.283799,        0.175475,        5.000000,       72.000000
       -0.280750,        0.164932,        5.000000,       72.000000
       -0.275203,        0.150609,        5.000000,       72.000000
       -0.266888,        0.134574,        5.000000,       72.000000
       -0.255924,        0.119668,        5.000000,       72.000000
       -0.241020,        0.107569,        5.000000,       72.000000
       -0.220160,        0.098684,        5.000000,       72.000000
       -0.191501,        0.092514,        5.000000,       72.000000
       -0.152245,        0.088221,        5.000000,       72.000000
       -0.101283,        0.085073,        5.000000,       72.000000
       -0.044606,        0.082730,        5.000000,       72.000000
        0.016132,        0.081282,        5.000000,       72.000000
        0.079818,        0.080781,        5.000000,       72.000000
        0.138626,        0.081078,        5.000000,       72.000000
        0.192308,        0.082165,        5.000000,       72.000000
        0.243229,        0.084139,        5.000000,       72.000000
        0.286683,        0.086688,        5.000000,       72.000000
        0.322608,        0.089169,        5.000000,       72.000000
        0.353262,        0.091153,        5.000000,       72.000000
        0.377840,        0.092240,        5.000000,       72.000000
        0.396771,        0.092496,        5.000000,       72.000000
        0.409950,        0.091982,        5.000000,       72.000000
        0.417331,        0.090838,        5.000000,       72.000000
        0.415964,        0.089165,        5.000000,       72.000000
        0.403478,        0.087129,        5.000000,       72.000000
        0.378091,        0.084904,        5.000000,       72.000000
        0.337775,        0.082733,        5.000000,       72.000000
        0.280100,        0.081103,        5.000000,       72.000000
        0.204803,        0.080316,        5.000000,       72.000000
        0.114842,        0.080306,        5.000000,       72.000000
        0.014540,        0.080999,        5.000000,       72.000000
       -0.097041,        0.082521,        5.000000,       72.000000
       -0.208106,        0.084667,        5.000000,       72.000000
       -0.308441,        0.086896,        5.000000,       72.000000
       -0.396228,        0.088731,        5.000000,       72.000000
       -0.470511,        0.089886,        5.000000,       72.000000
       -0.531575,        0.090343,        5.000000,       72.000000
       -0.579590,        0.090183,        5.000000,       72.000000
       -0.615660,        0.089411,        5.000000,       72.000000
       -0.641770,        0.088078,        5.000000,       72.000000
       -0.659189,        0.086322,        5.000000,       72.000000
       -0.666278,        0.084420,        5.000000,       72.000000
       -0.666970,        0.082809,        5.000000,       72.000000
       -0.665067,        0.081826,        5.000000,       72.000000
       -0.668838,        0.081832,        5.000000,       72.000000
       -0.678005,        0.083631,        5.000000,       72.000000
       -0.688815,        0.088946,        5.000000,       72.000000
       -0.695939,        0.099972,        5.000000,       72.000000
       -0.697575,        0.118370,        5.000000,       72.000000
       -0.698565,        0.144925,        5.000000,       72.000000
       -0.699491,        0.179025,        5.000000,       72.000000
