      788.002700,        0.000000,        0.000000,        0.000000
     -199.353200,        0.000000,        0.000000,        0.000000
    -1676.758100,        0.000000,        0.000000,        0.000000
      -31.737100,        0.000000,        0.000000,        0.000000
     -932.468200,        0.000000,        0.000000,        0.000000
    -1675.639600,        0.000000,        0.000000,        0.000000
     -860.235900,        0.000000,        0.000000,        0.000000
     -138.386300,        0.000000,        0.000000,        0.000000
    -1668.392600,        0.000000,        0.000000,        0.000000
       -4.541000,        0.000000,        0.000000,        0.000000
      898.146200,        0.000000,        0.000000,        0.000000
    -1659.717000,        0.000000,        0.000000,        0.000000
        0.172286,        0.010815,        0.000000,        0.000000
       -0.044881,        0.010165,        0.000000,        0.000000
        0.131354,        0.004813,        0.000000,        0.000000
        1.553620,        0.002907,        0.000000,        0.000000
       -1.267844,        0.004712,        0.000000,        0.000000
       23.729500,        0.000000,        0.000000,        0.000000
       -2.242687,        0.333729,        1.000000,       71.000000
       -3.083015,        0.147700,        1.000000,       71.000000
       -3.885488,        0.108938,        1.000000,       71.000000
       -4.588154,        0.105215,        1.000000,       71.000000
       -5.010608,        0.113253,        1.000000,       71.000000
       -5.342659,        0.100742,        1.000000,       71.000000
       -5.528130,        0.109371,        1.000000,       71.000000
       -5.842048,        0.101568,        1.000000,       71.000000
       -6.275224,        0.111547,        1.000000,       71.000000
       -6.828187,        0.101397,        1.000000,       71.000000
       -7.394004,        0.099563,        1.000000,       71.000000
       -7.513336,        0.102449,        1.000000,       71.000000
       -7.181411,        0.099556,        1.000000,       71.000000
       -6.376327,        0.103167,        1.000000,       71.000000
       -5.540150,        0.107815,        1.000000,       71.000000
       -5.071964,        0.101401,        1.000000,       71.000000
       -5.134316,        0.106173,        1.000000,       71.000000
       -5.621721,        0.111954,        1.000000,       71.000000
       -6.079556,        0.100478,        1.000000,       71.000000
       -6.302106,        0.102522,        1.000000,       71.000000
       -6.541360,        0.103463,        1.000000,       71.000000
       -6.533444,        0.101029,        1.000000,       71.000000
       -6.310749,        0.100841,        1.000000,       71.000000
       -6.464060,        0.109569,        1.000000,       71.000000
       -6.854078,        0.100318,        1.000000,       71.000000
       -7.219325,        0.099190,        1.000000,       71.000000
       -6.881335,        0.102143,        1.000000,       71.000000
       -5.964414,        0.099933,        1.000000,       71.000000
       -4.564928,        0.099275,        1.000000,       71.000000
       -3.786468,        0.104923,        1.000000,       71.000000
       -3.434858,        0.102650,        1.000000,       71.000000
       -3.385521,        0.107157,        1.000000,       71.000000
       -3.313620,        0.195193,        1.000000,       71.000000
       -3.277746,        0.307970,        1.000000,       71.000000
       -3.257201,        0.311404,        1.000000,       71.000000
       -2.396476,        0.546993,        1.000000,       71.000000
       -2.372803,        0.549290,        1.000000,       71.000000
       -2.193346,        0.435399,        1.000000,       71.000000
       -1.898584,        0.290919,        1.000000,       71.000000
       -1.459547,        0.147007,        1.000000,       71.000000
       -0.936223,        0.102301,        1.000000,       71.000000
       -0.387645,        0.104707,        1.000000,       71.000000
       -0.319775,        0.101425,        1.000000,       71.000000
       -0.713990,        0.097283,        1.000000,       71.000000
       -1.052081,        0.101399,        1.000000,       71.000000
       -1.378436,        0.101355,        1.000000,       71.000000
       -1.535588,        0.102930,        1.000000,       71.000000
       -1.482447,        0.096858,        1.000000,       71.000000
       -1.284076,        0.097998,        1.000000,       71.000000
       -1.190230,        0.097895,        1.000000,       71.000000
       -0.933584,        0.096565,        1.000000,       71.000000
       -0.721528,        0.100882,        1.000000,       71.000000
       -0.344817,        0.104320,        1.000000,       71.000000
       -0.457996,        0.098571,        1.000000,       71.000000
       -0.608894,        0.111972,        1.000000,       71.000000
       -0.854361,        0.101373,        1.000000,       71.000000
       -1.297591,        0.104495,        1.000000,       71.000000
       -1.574673,        0.102398,        1.000000,       71.000000
       -1.781583,        0.098854,        1.000000,       71.000000
       -1.622732,        0.105221,        1.000000,       71.000000
       -1.145129,        0.099579,        1.000000,       71.000000
       -0.619207,        0.104891,        1.000000,       71.000000
       -0.091317,        0.096985,        1.000000,       71.000000
        0.435554,        0.098579,        1.000000,       71.000000
        0.960007,        0.099913,        1.000000,       71.000000
        1.205090,        0.097442,        1.000000,       71.000000
        1.247864,        0.101376,        1.000000,       71.000000
        1.221760,        0.105173,        1.000000,       71.000000
        1.184057,        0.099662,        1.000000,       71.000000
        1.252081,        0.144492,        1.000000,       71.000000
        1.308338,        0.317564,        1.000000,       71.000000
       -0.176646,        0.379305,        2.000000,       71.000000
       -0.196801,        0.280033,        2.000000,       71.000000
       -0.217497,        0.196036,        2.000000,       71.000000
       -0.235855,        0.133131,        2.000000,       71.000000
       -0.264237,        0.096774,        2.000000,       71.000000
       -0.336183,        0.082640,        2.000000,       71.000000
       -0.426328,        0.083302,        2.000000,       71.000000
       -0.460369,        0.084191,        2.000000,       71.000000
       -0.437682,        0.079792,        2.000000,       71.000000
       -0.396926,        0.074278,        2.000000,       71.000000
       -0.314468,        0.070944,        2.000000,       71.000000
       -0.149132,        0.070516,        2.000000,       71.000000
       -0.017034,        0.071625,        2.000000,       71.000000
       -0.015450,        0.075506,        2.000000,       71.000000
       -0.033455,        0.083821,        2.000000,       71.000000
       -0.054815,        0.095508,        2.000000,       71.000000
       -0.083432,        0.106217,        2.000000,       71.000000
       -0.109548,        0.111810,        2.000000,       71.000000
       -0.130208,        0.107644,        2.000000,       71.000000
       -0.147409,        0.095410,        2.000000,       71.000000
       -0.160488,        0.082728,        2.000000,       71.000000
       -0.160573,        0.077871,        2.000000,       71.000000
       -0.126232,        0.079860,        2.000000,       71.000000
       -0.046776,        0.078766,        2.000000,       71.000000
        0.081906,        0.074194,        2.000000,       71.000000
        0.302744,        0.071252,        2.000000,       71.000000
        0.552291,        0.070781,        2.000000,       71.000000
        0.740148,        0.070598,        2.000000,       71.000000
        0.750703,        0.072098,        2.000000,       71.000000
        0.552573,        0.078954,        2.000000,       71.000000
        0.259712,        0.096727,        2.000000,       71.000000
        0.022602,        0.125320,        2.000000,       71.000000
       -0.127865,        0.160187,        2.000000,       71.000000
       -0.214075,        0.190773,        2.000000,       71.000000
       -0.211111,        0.190082,        2.000000,       71.000000
        0.141580,        0.335755,        2.000000,       71.000000
        0.146918,        0.339676,        2.000000,       71.000000
        0.165629,        0.310522,        2.000000,       71.000000
        0.192349,        0.267830,        2.000000,       71.000000
        0.227220,        0.216350,        2.000000,       71.000000
        0.268411,        0.163083,        2.000000,       71.000000
        0.316390,        0.116407,        2.000000,       71.000000
        0.364142,        0.086478,        2.000000,       71.000000
        0.406526,        0.074824,        2.000000,       71.000000
        0.413104,        0.076287,        2.000000,       71.000000
        0.359756,        0.076642,        2.000000,       71.000000
        0.321714,        0.072737,        2.000000,       71.000000
        0.368627,        0.069856,        2.000000,       71.000000
        0.515415,        0.068206,        2.000000,       71.000000
        0.728761,        0.068266,        2.000000,       71.000000
        1.006635,        0.069496,        2.000000,       71.000000
        1.292701,        0.074283,        2.000000,       71.000000
        1.404812,        0.084887,        2.000000,       71.000000
        1.294702,        0.097299,        2.000000,       71.000000
        1.011046,        0.106805,        2.000000,       71.000000
        0.624926,        0.108759,        2.000000,       71.000000
        0.218165,        0.100800,        2.000000,       71.000000
       -0.125034,        0.088442,        2.000000,       71.000000
       -0.351033,        0.079126,        2.000000,       71.000000
       -0.410019,        0.078602,        2.000000,       71.000000
       -0.351545,        0.078865,        2.000000,       71.000000
       -0.262015,        0.074618,        2.000000,       71.000000
       -0.179211,        0.070720,        2.000000,       71.000000
       -0.182970,        0.069103,        2.000000,       71.000000
       -0.255233,        0.069160,        2.000000,       71.000000
       -0.371101,        0.070136,        2.000000,       71.000000
       -0.468147,        0.075285,        2.000000,       71.000000
       -0.600330,        0.088764,        2.000000,       71.000000
       -0.832493,        0.116421,        2.000000,       71.000000
       -1.052062,        0.166391,        2.000000,       71.000000
       -1.271152,        0.239443,        2.000000,       71.000000
       -0.415195,        0.191089,        3.000000,       71.000000
       -0.413901,        0.124472,        3.000000,       71.000000
       -0.417608,        0.096798,        3.000000,       71.000000
       -0.362702,        0.103035,        3.000000,       71.000000
       -0.260012,        0.112928,        3.000000,       71.000000
       -0.145510,        0.115177,        3.000000,       71.000000
       -0.035975,        0.106265,        3.000000,       71.000000
        0.036623,        0.092201,        3.000000,       71.000000
        0.094447,        0.079224,        3.000000,       71.000000
        0.170601,        0.071605,        3.000000,       71.000000
        0.169749,        0.069778,        3.000000,       71.000000
        0.168075,        0.070577,        3.000000,       71.000000
        0.217962,        0.069976,        3.000000,       71.000000
        0.266489,        0.070431,        3.000000,       71.000000
        0.257080,        0.075456,        3.000000,       71.000000
        0.259441,        0.082935,        3.000000,       71.000000
        0.257797,        0.085961,        3.000000,       71.000000
        0.257311,        0.082218,        3.000000,       71.000000
        0.246721,        0.080160,        3.000000,       71.000000
        0.253136,        0.086500,        3.000000,       71.000000
        0.288308,        0.094044,        3.000000,       71.000000
        0.349878,        0.095269,        3.000000,       71.000000
        0.451944,        0.088527,        3.000000,       71.000000
        0.566645,        0.078161,        3.000000,       71.000000
        0.659256,        0.070840,        3.000000,       71.000000
        0.729162,        0.068933,        3.000000,       71.000000
        0.736284,        0.069744,        3.000000,       71.000000
        0.708075,        0.069812,        3.000000,       71.000000
        0.638715,        0.069319,        3.000000,       71.000000
        0.610235,        0.074834,        3.000000,       71.000000
        0.671723,        0.094164,        3.000000,       71.000000
        0.762884,        0.126669,        3.000000,       71.000000
        0.820065,        0.164392,        3.000000,       71.000000
        0.846345,        0.195919,        3.000000,       71.000000
        0.832132,        0.194878,        3.000000,       71.000000
       -0.015100,        0.224297,        3.000000,       71.000000
       -0.030319,        0.225953,        3.000000,       71.000000
       -0.048124,        0.193418,        3.000000,       71.000000
       -0.066755,        0.151297,        3.000000,       71.000000
       -0.086549,        0.109846,        3.000000,       71.000000
       -0.104567,        0.087544,        3.000000,       71.000000
       -0.071341,        0.089686,        3.000000,       71.000000
       -0.008603,        0.096993,        3.000000,       71.000000
        0.059656,        0.099457,        3.000000,       71.000000
        0.111620,        0.092617,        3.000000,       71.000000
        0.132160,        0.081303,        3.000000,       71.000000
        0.066751,        0.071604,        3.000000,       71.000000
       -0.103310,        0.066758,        3.000000,       71.000000
       -0.347848,        0.065667,        3.000000,       71.000000
       -0.632427,        0.065432,        3.000000,       71.000000
       -0.892978,        0.066650,        3.000000,       71.000000
       -0.997226,        0.070000,        3.000000,       71.000000
       -0.885297,        0.077168,        3.000000,       71.000000
       -0.637702,        0.083628,        3.000000,       71.000000
       -0.263250,        0.084238,        3.000000,       71.000000
        0.101273,        0.081792,        3.000000,       71.000000
        0.355781,        0.086365,        3.000000,       71.000000
        0.507405,        0.094170,        3.000000,       71.000000
        0.557186,        0.098720,        3.000000,       71.000000
        0.532206,        0.094392,        3.000000,       71.000000
        0.444902,        0.084431,        3.000000,       71.000000
        0.343354,        0.073992,        3.000000,       71.000000
        0.277540,        0.067891,        3.000000,       71.000000
        0.327408,        0.067698,        3.000000,       71.000000
        0.511708,        0.068527,        3.000000,       71.000000
        0.762473,        0.068832,        3.000000,       71.000000
        0.968903,        0.071123,        3.000000,       71.000000
        1.016141,        0.082342,        3.000000,       71.000000
        1.072300,        0.114315,        3.000000,       71.000000
        1.151655,        0.172272,        3.000000,       71.000000
        1.227531,        0.251830,        3.000000,       71.000000
       -0.916453,        0.226184,        4.000000,       71.000000
       -0.858121,        0.157624,        4.000000,       71.000000
       -0.798072,        0.117740,        4.000000,       71.000000
       -0.748354,        0.103424,        4.000000,       71.000000
       -0.709783,        0.100545,        4.000000,       71.000000
       -0.686529,        0.098523,        4.000000,       71.000000
       -0.683929,        0.095766,        4.000000,       71.000000
       -0.689589,        0.091318,        4.000000,       71.000000
       -0.684368,        0.086195,        4.000000,       71.000000
       -0.664394,        0.081890,        4.000000,       71.000000
       -0.627718,        0.080599,        4.000000,       71.000000
       -0.594369,        0.081204,        4.000000,       71.000000
       -0.565209,        0.081423,        4.000000,       71.000000
       -0.549894,        0.083380,        4.000000,       71.000000
       -0.568866,        0.088103,        4.000000,       71.000000
       -0.596282,        0.093524,        4.000000,       71.000000
       -0.611332,        0.097783,        4.000000,       71.000000
       -0.603577,        0.099573,        4.000000,       71.000000
       -0.582778,        0.098277,        4.000000,       71.000000
       -0.562059,        0.096881,        4.000000,       71.000000
       -0.546707,        0.095457,        4.000000,       71.000000
       -0.538934,        0.093509,        4.000000,       71.000000
       -0.539728,        0.090519,        4.000000,       71.000000
       -0.544032,        0.085968,        4.000000,       71.000000
       -0.574488,        0.081474,        4.000000,       71.000000
       -0.618456,        0.079648,        4.000000,       71.000000
       -0.639934,        0.080033,        4.000000,       71.000000
       -0.638393,        0.080216,        4.000000,       71.000000
       -0.618798,        0.080523,        4.000000,       71.000000
       -0.554994,        0.084424,        4.000000,       71.000000
       -0.482296,        0.096332,        4.000000,       71.000000
       -0.430298,        0.118969,        4.000000,       71.000000
       -0.393275,        0.151426,        4.000000,       71.000000
       -0.368598,        0.181511,        4.000000,       71.000000
       -0.360386,        0.180901,        4.000000,       71.000000
        0.031917,        0.251082,        4.000000,       71.000000
        0.039822,        0.253275,        4.000000,       71.000000
        0.051040,        0.222653,        4.000000,       71.000000
        0.065027,        0.182268,        4.000000,       71.000000
        0.082886,        0.140352,        4.000000,       71.000000
        0.102479,        0.110108,        4.000000,       71.000000
        0.131721,        0.096231,        4.000000,       71.000000
        0.185335,        0.092127,        4.000000,       71.000000
        0.248140,        0.090522,        4.000000,       71.000000
        0.296609,        0.088195,        4.000000,       71.000000
        0.324105,        0.084087,        4.000000,       71.000000
        0.330835,        0.079613,        4.000000,       71.000000
        0.309394,        0.077074,        4.000000,       71.000000
        0.283690,        0.076201,        4.000000,       71.000000
        0.298416,        0.076544,        4.000000,       71.000000
        0.336904,        0.077896,        4.000000,       71.000000
        0.376712,        0.081144,        4.000000,       71.000000
        0.429004,        0.087090,        4.000000,       71.000000
        0.474276,        0.092764,        4.000000,       71.000000
        0.489668,        0.097124,        4.000000,       71.000000
        0.481345,        0.098476,        4.000000,       71.000000
        0.463069,        0.098025,        4.000000,       71.000000
        0.418460,        0.096311,        4.000000,       71.000000
        0.347667,        0.094205,        4.000000,       71.000000
        0.260547,        0.091675,        4.000000,       71.000000
        0.188000,        0.087707,        4.000000,       71.000000
        0.124758,        0.082580,        4.000000,       71.000000
        0.061919,        0.078586,        4.000000,       71.000000
        0.043059,        0.077946,        4.000000,       71.000000
        0.063424,        0.078692,        4.000000,       71.000000
        0.070573,        0.079482,        4.000000,       71.000000
        0.067999,        0.082963,        4.000000,       71.000000
        0.056794,        0.091113,        4.000000,       71.000000
        0.028559,        0.110383,        4.000000,       71.000000
        0.003966,        0.154047,        4.000000,       71.000000
       -0.019072,        0.223926,        4.000000,       71.000000
       -0.116771,        0.212804,        5.000000,       71.000000
       -0.081991,        0.144338,        5.000000,       71.000000
       -0.046970,        0.105415,        5.000000,       71.000000
       -0.006879,        0.093312,        5.000000,       71.000000
        0.024510,        0.092516,        5.000000,       71.000000
        0.053465,        0.091981,        5.000000,       71.000000
        0.080813,        0.090410,        5.000000,       71.000000
        0.103256,        0.086779,        5.000000,       71.000000
        0.121699,        0.082564,        5.000000,       71.000000
        0.127299,        0.078313,        5.000000,       71.000000
        0.141127,        0.076347,        5.000000,       71.000000
        0.147421,        0.076277,        5.000000,       71.000000
        0.139236,        0.076105,        5.000000,       71.000000
        0.124413,        0.077124,        5.000000,       71.000000
        0.092979,        0.079869,        5.000000,       71.000000
        0.052894,        0.083955,        5.000000,       71.000000
        0.014418,        0.087750,        5.000000,       71.000000
        0.012104,        0.089930,        5.000000,       71.000000
        0.033436,        0.090045,        5.000000,       71.000000
        0.056661,        0.089790,        5.000000,       71.000000
        0.068501,        0.088642,        5.000000,       71.000000
        0.058954,        0.086855,        5.000000,       71.000000
        0.044221,        0.084316,        5.000000,       71.000000
        0.047538,        0.080180,        5.000000,       71.000000
        0.078531,        0.075505,        5.000000,       71.000000
        0.124293,        0.073625,        5.000000,       71.000000
        0.163580,        0.074007,        5.000000,       71.000000
        0.191476,        0.073299,        5.000000,       71.000000
        0.208817,        0.073432,        5.000000,       71.000000
        0.179042,        0.078114,        5.000000,       71.000000
        0.137829,        0.089696,        5.000000,       71.000000
        0.114058,        0.111941,        5.000000,       71.000000
        0.099203,        0.144560,        5.000000,       71.000000
        0.089298,        0.175003,        5.000000,       71.000000
        0.086397,        0.174390,        5.000000,       71.000000
       -0.038132,        0.236357,        5.000000,       71.000000
       -0.041135,        0.238340,        5.000000,       71.000000
       -0.055322,        0.207058,        5.000000,       71.000000
       -0.078264,        0.166348,        5.000000,       71.000000
       -0.110743,        0.125079,        5.000000,       71.000000
       -0.153649,        0.098120,        5.000000,       71.000000
       -0.198452,        0.087747,        5.000000,       71.000000
       -0.245850,        0.085489,        5.000000,       71.000000
       -0.290238,        0.085084,        5.000000,       71.000000
       -0.339773,        0.083487,        5.000000,       71.000000
       -0.386441,        0.079733,        5.000000,       71.000000
       -0.424627,        0.074759,        5.000000,       71.000000
       -0.447108,        0.071378,        5.000000,       71.000000
       -0.449824,        0.070806,        5.000000,       71.000000
       -0.459769,        0.071127,        5.000000,       71.000000
       -0.477179,        0.071755,        5.000000,       71.000000
       -0.505896,        0.074980,        5.000000,       71.000000
       -0.524789,        0.080577,        5.000000,       71.000000
       -0.502382,        0.085560,        5.000000,       71.000000
       -0.453637,        0.089677,        5.000000,       71.000000
       -0.397559,        0.090548,        5.000000,       71.000000
       -0.340884,        0.090123,        5.000000,       71.000000
       -0.271747,        0.089363,        5.000000,       71.000000
       -0.201805,        0.088148,        5.000000,       71.000000
       -0.158439,        0.086072,        5.000000,       71.000000
       -0.136103,        0.082038,        5.000000,       71.000000
       -0.120385,        0.077061,        5.000000,       71.000000
       -0.111311,        0.073668,        5.000000,       71.000000
       -0.110211,        0.073035,        5.000000,       71.000000
       -0.134702,        0.073431,        5.000000,       71.000000
       -0.161612,        0.073719,        5.000000,       71.000000
       -0.158045,        0.075450,        5.000000,       71.000000
       -0.127727,        0.081265,        5.000000,       71.000000
       -0.093462,        0.097620,        5.000000,       71.000000
       -0.066890,        0.138581,        5.000000,       71.000000
       -0.039127,        0.206925,        5.000000,       71.000000
