      788.002700,        0.000000,        0.000000,        0.000000
     -199.353200,        0.000000,        0.000000,        0.000000
    -1676.758100,        0.000000,        0.000000,        0.000000
      -31.737100,        0.000000,        0.000000,        0.000000
     -932.468200,        0.000000,        0.000000,        0.000000
    -1675.639600,        0.000000,        0.000000,        0.000000
     -860.235900,        0.000000,        0.000000,        0.000000
     -138.386300,        0.000000,        0.000000,        0.000000
    -1668.392600,        0.000000,        0.000000,        0.000000
       -4.541000,        0.000000,        0.000000,        0.000000
      898.146200,        0.000000,        0.000000,        0.000000
    -1659.717000,        0.000000,        0.000000,        0.000000
        0.044873,        0.010269,        0.000000,        0.000000
       -0.013982,        0.009818,        0.000000,        0.000000
        0.003154,        0.004698,        0.000000,        0.000000
        1.554700,        0.000000,        0.000000,        0.000000
       -1.269000,        0.000000,        0.000000,        0.000000
       23.729500,        0.000000,        0.000000,        0.000000
       -1.084854,        0.290314,        1.000000,       48.000000
       -0.620480,        0.125881,        1.000000,       48.000000
       -0.151303,        0.093102,        1.000000,       48.000000
        0.122186,        0.089875,        1.000000,       48.000000
       -0.013407,        0.090856,        1.000000,       48.000000
       -0.553745,        0.093809,        1.000000,       48.000000
       -1.205230,        0.089085,        1.000000,       48.000000
       -1.128071,        0.096589,        1.000000,       48.000000
       -0.676204,        0.084906,        1.000000,       48.000000
        0.071372,        0.084654,        1.000000,       48.000000
       -0.118541,        0.085544,        1.000000,       48.000000
       -0.602836,        0.084032,        1.000000,       48.000000
       -1.265946,        0.087679,        1.000000,       48.000000
       -1.611762,        0.091078,        1.000000,       48.000000
       -2.387768,        0.087124,        1.000000,       48.000000
       -2.931205,        0.096997,        1.000000,       48.000000
       -2.986374,        0.094036,        1.000000,       48.000000
       -3.475723,        0.094682,        1.000000,       48.000000
       -4.305241,        0.088214,        1.000000,       48.000000
       -4.871467,        0.095335,        1.000000,       48.000000
       -5.365863,        0.092518,        1.000000,       48.000000
       -5.584791,        0.091978,        1.000000,       48.000000
       -5.348758,        0.093386,        1.000000,       48.000000
       -4.924995,        0.092561,        1.000000,       48.000000
       -4.722630,        0.087108,        1.000000,       48.000000
       -4.912611,        0.088020,        1.000000,       48.000000
       -4.944855,        0.088754,        1.000000,       48.000000
       -4.382128,        0.086426,        1.000000,       48.000000
       -3.700022,        0.087102,        1.000000,       48.000000
       -3.240513,        0.089698,        1.000000,       48.000000
       -3.266351,        0.086593,        1.000000,       48.000000
       -3.309120,        0.095302,        1.000000,       48.000000
       -3.660954,        0.089842,        1.000000,       48.000000
       -3.691362,        0.091982,        1.000000,       48.000000
       -3.669831,        0.089541,        1.000000,       48.000000
       -3.941762,        0.087204,        1.000000,       48.000000
       -3.867894,        0.091134,        1.000000,       48.000000
       -4.085755,        0.088684,        1.000000,       48.000000
       -4.860729,        0.091161,        1.000000,       48.000000
       -5.437417,        0.084506,        1.000000,       48.000000
       -5.421410,        0.086124,        1.000000,       48.000000
       -5.095248,        0.085035,        1.000000,       48.000000
       -4.952456,        0.085404,        1.000000,       48.000000
       -5.051424,        0.091032,        1.000000,       48.000000
       -5.283703,        0.094439,        1.000000,       48.000000
       -5.256859,        0.089559,        1.000000,       48.000000
       -5.046240,        0.127120,        1.000000,       48.000000
       -4.830508,        0.283197,        1.000000,       48.000000
       -1.100761,        0.296280,        2.000000,       48.000000
       -0.825924,        0.210816,        2.000000,       48.000000
       -0.552463,        0.140600,        2.000000,       48.000000
       -0.273309,        0.093255,        2.000000,       48.000000
       -0.023301,        0.072784,        2.000000,       48.000000
        0.168421,        0.071594,        2.000000,       48.000000
        0.399464,        0.073673,        2.000000,       48.000000
        0.693926,        0.070200,        2.000000,       48.000000
        0.955325,        0.065081,        2.000000,       48.000000
        0.969151,        0.062056,        2.000000,       48.000000
        0.589746,        0.061659,        2.000000,       48.000000
       -0.059831,        0.062564,        2.000000,       48.000000
       -0.808999,        0.066538,        2.000000,       48.000000
       -1.375113,        0.075052,        2.000000,       48.000000
       -1.681912,        0.085984,        2.000000,       48.000000
       -1.731264,        0.095489,        2.000000,       48.000000
       -1.609532,        0.099777,        2.000000,       48.000000
       -1.387915,        0.095224,        2.000000,       48.000000
       -1.143150,        0.085345,        2.000000,       48.000000
       -0.910596,        0.075649,        2.000000,       48.000000
       -0.737465,        0.071859,        2.000000,       48.000000
       -0.668781,        0.073229,        2.000000,       48.000000
       -0.663601,        0.071850,        2.000000,       48.000000
       -0.660824,        0.067527,        2.000000,       48.000000
       -0.653208,        0.064780,        2.000000,       48.000000
       -0.617485,        0.063384,        2.000000,       48.000000
       -0.489024,        0.063460,        2.000000,       48.000000
       -0.445132,        0.063304,        2.000000,       48.000000
       -0.386373,        0.064132,        2.000000,       48.000000
       -0.259003,        0.069034,        2.000000,       48.000000
       -0.093403,        0.079477,        2.000000,       48.000000
        0.076410,        0.089140,        2.000000,       48.000000
        0.216284,        0.092198,        2.000000,       48.000000
        0.311304,        0.085767,        2.000000,       48.000000
        0.332448,        0.074767,        2.000000,       48.000000
        0.320607,        0.064485,        2.000000,       48.000000
        0.275845,        0.062438,        2.000000,       48.000000
        0.205829,        0.066052,        2.000000,       48.000000
        0.189512,        0.064875,        2.000000,       48.000000
        0.303094,        0.062388,        2.000000,       48.000000
        0.495558,        0.060856,        2.000000,       48.000000
        0.589144,        0.061800,        2.000000,       48.000000
        0.635969,        0.063457,        2.000000,       48.000000
        0.559473,        0.067455,        2.000000,       48.000000
        0.518284,        0.077950,        2.000000,       48.000000
        0.585369,        0.101383,        2.000000,       48.000000
        0.663047,        0.145491,        2.000000,       48.000000
        0.741366,        0.211144,        2.000000,       48.000000
        1.514598,        0.157506,        3.000000,       48.000000
        1.572980,        0.099362,        3.000000,       48.000000
        1.631133,        0.077443,        3.000000,       48.000000
        1.663859,        0.083729,        3.000000,       48.000000
        1.647463,        0.090724,        3.000000,       48.000000
        1.550898,        0.088800,        3.000000,       48.000000
        1.354828,        0.079809,        3.000000,       48.000000
        1.058651,        0.069121,        3.000000,       48.000000
        0.810512,        0.061706,        3.000000,       48.000000
        0.753179,        0.060344,        3.000000,       48.000000
        0.801125,        0.060608,        3.000000,       48.000000
        0.900970,        0.060889,        3.000000,       48.000000
        0.963227,        0.062450,        3.000000,       48.000000
        0.974145,        0.067714,        3.000000,       48.000000
        1.009913,        0.074444,        3.000000,       48.000000
        1.037445,        0.076654,        3.000000,       48.000000
        1.040353,        0.073683,        3.000000,       48.000000
        1.019990,        0.075019,        3.000000,       48.000000
        0.932322,        0.082640,        3.000000,       48.000000
        0.792270,        0.089766,        3.000000,       48.000000
        0.611929,        0.090658,        3.000000,       48.000000
        0.422035,        0.083504,        3.000000,       48.000000
        0.255772,        0.073473,        3.000000,       48.000000
        0.164189,        0.065357,        3.000000,       48.000000
        0.159815,        0.062150,        3.000000,       48.000000
        0.338885,        0.062724,        3.000000,       48.000000
        0.560810,        0.062767,        3.000000,       48.000000
        0.788722,        0.061968,        3.000000,       48.000000
        1.044087,        0.062812,        3.000000,       48.000000
        1.149245,        0.067599,        3.000000,       48.000000
        1.048103,        0.073017,        3.000000,       48.000000
        0.803581,        0.073561,        3.000000,       48.000000
        0.547639,        0.070718,        3.000000,       48.000000
        0.424285,        0.073604,        3.000000,       48.000000
        0.407327,        0.080253,        3.000000,       48.000000
        0.485420,        0.084104,        3.000000,       48.000000
        0.627236,        0.080238,        3.000000,       48.000000
        0.796914,        0.072294,        3.000000,       48.000000
        0.902354,        0.064437,        3.000000,       48.000000
        0.890362,        0.060529,        3.000000,       48.000000
        0.873301,        0.059936,        3.000000,       48.000000
        0.832269,        0.059492,        3.000000,       48.000000
        0.809160,        0.060547,        3.000000,       48.000000
        0.775222,        0.062923,        3.000000,       48.000000
        0.612936,        0.073275,        3.000000,       48.000000
        0.470594,        0.101468,        3.000000,       48.000000
        0.334397,        0.153222,        3.000000,       48.000000
        0.197549,        0.224850,        3.000000,       48.000000
       -0.129744,        0.192540,        4.000000,       48.000000
       -0.089970,        0.131922,        4.000000,       48.000000
       -0.049064,        0.097782,        4.000000,       48.000000
       -0.005537,        0.086220,        4.000000,       48.000000
        0.044919,        0.083839,        4.000000,       48.000000
        0.099388,        0.082605,        4.000000,       48.000000
        0.125339,        0.079808,        4.000000,       48.000000
        0.119749,        0.075253,        4.000000,       48.000000
        0.095307,        0.070277,        4.000000,       48.000000
        0.086773,        0.068364,        4.000000,       48.000000
        0.079195,        0.068520,        4.000000,       48.000000
        0.068386,        0.068789,        4.000000,       48.000000
        0.059634,        0.071605,        4.000000,       48.000000
        0.030883,        0.077235,        4.000000,       48.000000
       -0.005725,        0.082900,        4.000000,       48.000000
       -0.048570,        0.087428,        4.000000,       48.000000
       -0.094422,        0.088942,        4.000000,       48.000000
       -0.131255,        0.088051,        4.000000,       48.000000
       -0.141141,        0.086671,        4.000000,       48.000000
       -0.134848,        0.085521,        4.000000,       48.000000
       -0.119083,        0.083831,        4.000000,       48.000000
       -0.095326,        0.081057,        4.000000,       48.000000
       -0.068785,        0.076815,        4.000000,       48.000000
       -0.036587,        0.072281,        4.000000,       48.000000
        0.020109,        0.069449,        4.000000,       48.000000
        0.069043,        0.068708,        4.000000,       48.000000
        0.091050,        0.069295,        4.000000,       48.000000
        0.105669,        0.069463,        4.000000,       48.000000
        0.114237,        0.070670,        4.000000,       48.000000
        0.110127,        0.074791,        4.000000,       48.000000
        0.093896,        0.080499,        4.000000,       48.000000
        0.050945,        0.085028,        4.000000,       48.000000
       -0.004948,        0.086043,        4.000000,       48.000000
       -0.060926,        0.084567,        4.000000,       48.000000
       -0.082503,        0.082390,        4.000000,       48.000000
       -0.053875,        0.079459,        4.000000,       48.000000
        0.021586,        0.076450,        4.000000,       48.000000
        0.110626,        0.074030,        4.000000,       48.000000
        0.181668,        0.070780,        4.000000,       48.000000
        0.199092,        0.068477,        4.000000,       48.000000
        0.175034,        0.067718,        4.000000,       48.000000
        0.145480,        0.068420,        4.000000,       48.000000
        0.135363,        0.069784,        4.000000,       48.000000
        0.131124,        0.072182,        4.000000,       48.000000
        0.086568,        0.078999,        4.000000,       48.000000
       -0.003009,        0.095590,        4.000000,       48.000000
       -0.107161,        0.133609,        4.000000,       48.000000
       -0.209269,        0.195998,        4.000000,       48.000000
       -0.264702,        0.179536,        5.000000,       48.000000
       -0.301644,        0.119290,        5.000000,       48.000000
       -0.337849,        0.087146,        5.000000,       48.000000
       -0.388833,        0.079364,        5.000000,       48.000000
       -0.438981,        0.079531,        5.000000,       48.000000
       -0.471563,        0.079109,        5.000000,       48.000000
       -0.473598,        0.076157,        5.000000,       48.000000
       -0.442081,        0.071366,        5.000000,       48.000000
       -0.396964,        0.066541,        5.000000,       48.000000
       -0.343501,        0.064345,        5.000000,       48.000000
       -0.277820,        0.064048,        5.000000,       48.000000
       -0.218155,        0.063972,        5.000000,       48.000000
       -0.173795,        0.065299,        5.000000,       48.000000
       -0.166472,        0.069307,        5.000000,       48.000000
       -0.211784,        0.074321,        5.000000,       48.000000
       -0.236852,        0.078477,        5.000000,       48.000000
       -0.226085,        0.080220,        5.000000,       48.000000
       -0.198787,        0.080502,        5.000000,       48.000000
       -0.151693,        0.080300,        5.000000,       48.000000
       -0.117089,        0.080182,        5.000000,       48.000000
       -0.107709,        0.079286,        5.000000,       48.000000
       -0.128522,        0.076851,        5.000000,       48.000000
       -0.179172,        0.072596,        5.000000,       48.000000
       -0.237828,        0.067444,        5.000000,       48.000000
       -0.281307,        0.064349,        5.000000,       48.000000
       -0.257037,        0.064306,        5.000000,       48.000000
       -0.210257,        0.064756,        5.000000,       48.000000
       -0.189474,        0.064267,        5.000000,       48.000000
       -0.179503,        0.065641,        5.000000,       48.000000
       -0.190438,        0.069543,        5.000000,       48.000000
       -0.211911,        0.074374,        5.000000,       48.000000
       -0.211252,        0.078221,        5.000000,       48.000000
       -0.203835,        0.079052,        5.000000,       48.000000
       -0.184964,        0.078547,        5.000000,       48.000000
       -0.153397,        0.077399,        5.000000,       48.000000
       -0.126187,        0.075465,        5.000000,       48.000000
       -0.118329,        0.073048,        5.000000,       48.000000
       -0.128206,        0.071132,        5.000000,       48.000000
       -0.130106,        0.067626,        5.000000,       48.000000
       -0.124017,        0.064309,        5.000000,       48.000000
       -0.119864,        0.063217,        5.000000,       48.000000
       -0.097764,        0.063357,        5.000000,       48.000000
       -0.077585,        0.063747,        5.000000,       48.000000
       -0.052933,        0.066391,        5.000000,       48.000000
       -0.012262,        0.072967,        5.000000,       48.000000
        0.028689,        0.087994,        5.000000,       48.000000
        0.077203,        0.124766,        5.000000,       48.000000
        0.124767,        0.186355,        5.000000,       48.000000
