      788.002700,        0.000000,        0.000000,        0.000000
     -199.353200,        0.000000,        0.000000,        0.000000
    -1676.758100,        0.000000,        0.000000,        0.000000
      -31.737100,        0.000000,        0.000000,        0.000000
     -932.468200,        0.000000,        0.000000,        0.000000
    -1675.639600,        0.000000,        0.000000,        0.000000
     -860.235900,        0.000000,        0.000000,        0.000000
     -138.386300,        0.000000,        0.000000,        0.000000
    -1668.392600,        0.000000,        0.000000,        0.000000
       -4.541000,        0.000000,        0.000000,        0.000000
      898.146200,        0.000000,        0.000000,        0.000000
    -1659.717000,        0.000000,        0.000000,        0.000000
        0.129931,        0.011527,        0.000000,        0.000000
       -0.004598,        0.010721,        0.000000,        0.000000
        0.038890,        0.005703,        0.000000,        0.000000
        1.939200,        0.000000,        0.000000,        0.000000
       -0.765300,        0.000000,        0.000000,        0.000000
       21.333900,        0.000000,        0.000000,        0.000000
       -4.298442,        0.247666,        1.000000,       63.000000
       -4.615264,        0.175918,        1.000000,       63.000000
       -4.934642,        0.131141,        1.000000,       63.000000
       -5.243117,        0.111599,        1.000000,       63.000000
       -5.504343,        0.105879,        1.000000,       63.000000
       -5.664729,        0.103835,        1.000000,       63.000000
       -5.672489,        0.101534,        1.000000,       63.000000
       -5.527198,        0.097839,        1.000000,       63.000000
       -5.209241,        0.093545,        1.000000,       63.000000
       -4.719281,        0.090467,        1.000000,       63.000000
       -4.084977,        0.089757,        1.000000,       63.000000
       -3.370769,        0.090282,        1.000000,       63.000000
       -2.627453,        0.090145,        1.000000,       63.000000
       -1.889503,        0.091468,        1.000000,       63.000000
       -1.200940,        0.096286,        1.000000,       63.000000
       -0.603604,        0.105831,        1.000000,       63.000000
       -0.116215,        0.120285,        1.000000,       63.000000
        0.263440,        0.141497,        1.000000,       63.000000
        0.550768,        0.165078,        1.000000,       63.000000
        0.752395,        0.183399,        1.000000,       63.000000
        0.878089,        0.192435,        1.000000,       63.000000
        0.936751,        0.190520,        1.000000,       63.000000
        0.937611,        0.178125,        1.000000,       63.000000
        0.889454,        0.157943,        1.000000,       63.000000
        0.802509,        0.135683,        1.000000,       63.000000
        0.682239,        0.119564,        1.000000,       63.000000
        0.555791,        0.109992,        1.000000,       63.000000
        0.457647,        0.105520,        1.000000,       63.000000
        0.390990,        0.103179,        1.000000,       63.000000
        0.316290,        0.100108,        1.000000,       63.000000
        0.199884,        0.095869,        1.000000,       63.000000
       -0.004561,        0.091752,        1.000000,       63.000000
       -0.304461,        0.089809,        1.000000,       63.000000
       -0.661890,        0.089648,        1.000000,       63.000000
       -1.025579,        0.090760,        1.000000,       63.000000
       -1.361676,        0.094251,        1.000000,       63.000000
       -1.621289,        0.099131,        1.000000,       63.000000
       -1.802312,        0.102930,        1.000000,       63.000000
       -1.907122,        0.104210,        1.000000,       63.000000
       -1.944978,        0.103603,        1.000000,       63.000000
       -1.922473,        0.102126,        1.000000,       63.000000
       -1.824549,        0.100171,        1.000000,       63.000000
       -1.660351,        0.097639,        1.000000,       63.000000
       -1.470470,        0.094229,        1.000000,       63.000000
       -1.269272,        0.090905,        1.000000,       63.000000
       -1.032867,        0.089333,        1.000000,       63.000000
       -0.714261,        0.089423,        1.000000,       63.000000
       -0.310769,        0.089798,        1.000000,       63.000000
        0.100581,        0.091552,        1.000000,       63.000000
        0.434126,        0.095121,        1.000000,       63.000000
        0.643648,        0.098994,        1.000000,       63.000000
        0.719546,        0.101720,        1.000000,       63.000000
        0.695327,        0.102842,        1.000000,       63.000000
        0.598161,        0.103507,        1.000000,       63.000000
        0.462116,        0.103528,        1.000000,       63.000000
        0.350750,        0.102283,        1.000000,       63.000000
        0.336837,        0.099703,        1.000000,       63.000000
        0.485555,        0.095966,        1.000000,       63.000000
        0.808643,        0.094033,        1.000000,       63.000000
        1.272738,        0.101530,        1.000000,       63.000000
        1.836881,        0.126834,        1.000000,       63.000000
        2.428414,        0.178076,        1.000000,       63.000000
        3.018863,        0.253599,        1.000000,       63.000000
       -0.630527,        0.238794,        2.000000,       63.000000
       -0.473978,        0.200706,        2.000000,       63.000000
       -0.317447,        0.166829,        2.000000,       63.000000
       -0.160827,        0.137991,        2.000000,       63.000000
       -0.004258,        0.115064,        2.000000,       63.000000
        0.156450,        0.098516,        2.000000,       63.000000
        0.324767,        0.087867,        2.000000,       63.000000
        0.492524,        0.081597,        2.000000,       63.000000
        0.650402,        0.078055,        2.000000,       63.000000
        0.794074,        0.076359,        2.000000,       63.000000
        0.920241,        0.075988,        2.000000,       63.000000
        1.024617,        0.077013,        2.000000,       63.000000
        1.107853,        0.079549,        2.000000,       63.000000
        1.168807,        0.084013,        2.000000,       63.000000
        1.205516,        0.090446,        2.000000,       63.000000
        1.220757,        0.098463,        2.000000,       63.000000
        1.218854,        0.107049,        2.000000,       63.000000
        1.203818,        0.115270,        2.000000,       63.000000
        1.178024,        0.122333,        2.000000,       63.000000
        1.143226,        0.127569,        2.000000,       63.000000
        1.101258,        0.130551,        2.000000,       63.000000
        1.053933,        0.131055,        2.000000,       63.000000
        1.003067,        0.129053,        2.000000,       63.000000
        0.950483,        0.124705,        2.000000,       63.000000
        0.897982,        0.118378,        2.000000,       63.000000
        0.847443,        0.110667,        2.000000,       63.000000
        0.800419,        0.102451,        2.000000,       63.000000
        0.760196,        0.094711,        2.000000,       63.000000
        0.734489,        0.088214,        2.000000,       63.000000
        0.722953,        0.083154,        2.000000,       63.000000
        0.720351,        0.079397,        2.000000,       63.000000
        0.728473,        0.077002,        2.000000,       63.000000
        0.747634,        0.076122,        2.000000,       63.000000
        0.772816,        0.076729,        2.000000,       63.000000
        0.797464,        0.078577,        2.000000,       63.000000
        0.818905,        0.081286,        2.000000,       63.000000
        0.838580,        0.084181,        2.000000,       63.000000
        0.853996,        0.086342,        2.000000,       63.000000
        0.862658,        0.087168,        2.000000,       63.000000
        0.862577,        0.086484,        2.000000,       63.000000
        0.852263,        0.084636,        2.000000,       63.000000
        0.827470,        0.082263,        2.000000,       63.000000
        0.784086,        0.079897,        2.000000,       63.000000
        0.728121,        0.077765,        2.000000,       63.000000
        0.661729,        0.076183,        2.000000,       63.000000
        0.585163,        0.075589,        2.000000,       63.000000
        0.497966,        0.076203,        2.000000,       63.000000
        0.407361,        0.077957,        2.000000,       63.000000
        0.321098,        0.080720,        2.000000,       63.000000
        0.246293,        0.084038,        2.000000,       63.000000
        0.186188,        0.087088,        2.000000,       63.000000
        0.144275,        0.089038,        2.000000,       63.000000
        0.122471,        0.089424,        2.000000,       63.000000
        0.123564,        0.088275,        2.000000,       63.000000
        0.150258,        0.086212,        2.000000,       63.000000
        0.197180,        0.084329,        2.000000,       63.000000
        0.259854,        0.084059,        2.000000,       63.000000
        0.338247,        0.087233,        2.000000,       63.000000
        0.428515,        0.096289,        2.000000,       63.000000
        0.523691,        0.112874,        2.000000,       63.000000
        0.618687,        0.136901,        2.000000,       63.000000
        0.713412,        0.167148,        2.000000,       63.000000
        0.808172,        0.202448,        2.000000,       63.000000
       -0.008950,        0.169343,        3.000000,       63.000000
       -0.007507,        0.142713,        3.000000,       63.000000
       -0.005971,        0.122370,        3.000000,       63.000000
       -0.005125,        0.108178,        3.000000,       63.000000
       -0.008848,        0.098662,        3.000000,       63.000000
       -0.017402,        0.092085,        3.000000,       63.000000
       -0.027130,        0.086984,        3.000000,       63.000000
       -0.034548,        0.082728,        3.000000,       63.000000
       -0.036903,        0.079275,        3.000000,       63.000000
       -0.031837,        0.076758,        3.000000,       63.000000
       -0.010239,        0.075481,        3.000000,       63.000000
        0.028289,        0.075521,        3.000000,       63.000000
        0.082958,        0.077070,        3.000000,       63.000000
        0.154843,        0.080375,        3.000000,       63.000000
        0.240363,        0.085592,        3.000000,       63.000000
        0.336983,        0.092332,        3.000000,       63.000000
        0.439703,        0.099657,        3.000000,       63.000000
        0.543873,        0.106494,        3.000000,       63.000000
        0.647315,        0.112000,        3.000000,       63.000000
        0.747723,        0.115592,        3.000000,       63.000000
        0.842832,        0.116998,        3.000000,       63.000000
        0.930358,        0.116220,        3.000000,       63.000000
        1.008050,        0.113526,        3.000000,       63.000000
        1.073541,        0.109441,        3.000000,       63.000000
        1.124897,        0.104767,        3.000000,       63.000000
        1.158468,        0.100357,        3.000000,       63.000000
        1.175031,        0.096309,        3.000000,       63.000000
        1.178416,        0.092370,        3.000000,       63.000000
        1.167329,        0.088237,        3.000000,       63.000000
        1.140143,        0.083947,        3.000000,       63.000000
        1.096060,        0.079944,        3.000000,       63.000000
        1.039847,        0.076769,        3.000000,       63.000000
        0.977741,        0.074790,        3.000000,       63.000000
        0.910038,        0.074099,        3.000000,       63.000000
        0.841105,        0.074601,        3.000000,       63.000000
        0.777134,        0.076083,        3.000000,       63.000000
        0.720969,        0.078074,        3.000000,       63.000000
        0.668306,        0.079882,        3.000000,       63.000000
        0.616095,        0.081145,        3.000000,       63.000000
        0.560440,        0.081954,        3.000000,       63.000000
        0.502445,        0.082148,        3.000000,       63.000000
        0.446413,        0.081441,        3.000000,       63.000000
        0.391804,        0.079758,        3.000000,       63.000000
        0.338589,        0.077532,        3.000000,       63.000000
        0.290824,        0.075455,        3.000000,       63.000000
        0.257066,        0.074049,        3.000000,       63.000000
        0.243685,        0.073561,        3.000000,       63.000000
        0.253604,        0.074066,        3.000000,       63.000000
        0.280769,        0.075516,        3.000000,       63.000000
        0.318698,        0.077670,        3.000000,       63.000000
        0.365047,        0.080029,        3.000000,       63.000000
        0.421250,        0.081981,        3.000000,       63.000000
        0.488512,        0.083401,        3.000000,       63.000000
        0.565494,        0.084371,        3.000000,       63.000000
        0.642438,        0.084619,        3.000000,       63.000000
        0.716170,        0.084074,        3.000000,       63.000000
        0.786625,        0.083522,        3.000000,       63.000000
        0.851947,        0.084908,        3.000000,       63.000000
        0.907434,        0.090885,        3.000000,       63.000000
        0.955723,        0.103743,        3.000000,       63.000000
        1.000201,        0.124196,        3.000000,       63.000000
        1.043027,        0.151489,        3.000000,       63.000000
        1.085833,        0.184377,        3.000000,       63.000000
        0.017380,        0.154586,        4.000000,       63.000000
        0.032961,        0.127466,        4.000000,       63.000000
        0.048637,        0.106483,        4.000000,       63.000000
        0.063332,        0.091714,        4.000000,       63.000000
        0.075557,        0.082232,        4.000000,       63.000000
        0.080529,        0.076476,        4.000000,       63.000000
        0.075256,        0.072858,        4.000000,       63.000000
        0.069789,        0.070245,        4.000000,       63.000000
        0.068067,        0.068124,        4.000000,       63.000000
        0.072608,        0.066560,        4.000000,       63.000000
        0.088389,        0.065751,        4.000000,       63.000000
        0.109288,        0.065764,        4.000000,       63.000000
        0.133080,        0.066633,        4.000000,       63.000000
        0.161386,        0.068818,        4.000000,       63.000000
        0.193334,        0.072643,        4.000000,       63.000000
        0.219739,        0.077991,        4.000000,       63.000000
        0.236768,        0.084301,        4.000000,       63.000000
        0.243994,        0.091042,        4.000000,       63.000000
        0.238779,        0.097293,        4.000000,       63.000000
        0.224378,        0.102041,        4.000000,       63.000000
        0.203192,        0.104668,        4.000000,       63.000000
        0.177850,        0.104905,        4.000000,       63.000000
        0.150918,        0.102823,        4.000000,       63.000000
        0.124990,        0.098830,        4.000000,       63.000000
        0.102611,        0.093676,        4.000000,       63.000000
        0.086520,        0.088378,        4.000000,       63.000000
        0.079814,        0.083475,        4.000000,       63.000000
        0.083157,        0.079281,        4.000000,       63.000000
        0.089172,        0.075798,        4.000000,       63.000000
        0.098196,        0.072868,        4.000000,       63.000000
        0.114778,        0.070435,        4.000000,       63.000000
        0.132913,        0.068663,        4.000000,       63.000000
        0.153297,        0.067731,        4.000000,       63.000000
        0.175936,        0.067654,        4.000000,       63.000000
        0.199410,        0.068325,        4.000000,       63.000000
        0.222675,        0.069642,        4.000000,       63.000000
        0.240037,        0.071302,        4.000000,       63.000000
        0.250703,        0.072727,        4.000000,       63.000000
        0.251729,        0.073525,        4.000000,       63.000000
        0.244922,        0.073587,        4.000000,       63.000000
        0.231591,        0.073020,        4.000000,       63.000000
        0.215924,        0.071952,        4.000000,       63.000000
        0.205207,        0.070572,        4.000000,       63.000000
        0.197218,        0.069084,        4.000000,       63.000000
        0.192971,        0.067838,        4.000000,       63.000000
        0.193218,        0.067137,        4.000000,       63.000000
        0.198524,        0.067071,        4.000000,       63.000000
        0.205347,        0.067597,        4.000000,       63.000000
        0.203622,        0.068713,        4.000000,       63.000000
        0.192671,        0.070349,        4.000000,       63.000000
        0.177718,        0.072173,        4.000000,       63.000000
        0.158898,        0.073756,        4.000000,       63.000000
        0.137926,        0.074834,        4.000000,       63.000000
        0.112831,        0.075302,        4.000000,       63.000000
        0.082126,        0.075128,        4.000000,       63.000000
        0.051424,        0.074414,        4.000000,       63.000000
        0.025135,        0.073606,        4.000000,       63.000000
       -0.001046,        0.073628,        4.000000,       63.000000
       -0.027336,        0.076257,        4.000000,       63.000000
       -0.057748,        0.083794,        4.000000,       63.000000
       -0.088700,        0.097908,        4.000000,       63.000000
       -0.120626,        0.119169,        4.000000,       63.000000
       -0.152683,        0.146891,        4.000000,       63.000000
        0.004197,        0.143170,        5.000000,       63.000000
       -0.019005,        0.116554,        5.000000,       63.000000
       -0.042544,        0.096404,        5.000000,       63.000000
       -0.064443,        0.082901,        5.000000,       63.000000
       -0.077805,        0.074884,        5.000000,       63.000000
       -0.083556,        0.070397,        5.000000,       63.000000
       -0.083395,        0.067663,        5.000000,       63.000000
       -0.080771,        0.065574,        5.000000,       63.000000
       -0.075628,        0.063789,        5.000000,       63.000000
       -0.068445,        0.062427,        5.000000,       63.000000
       -0.066359,        0.061613,        5.000000,       63.000000
       -0.071403,        0.061415,        5.000000,       63.000000
       -0.077282,        0.061892,        5.000000,       63.000000
       -0.082088,        0.063452,        5.000000,       63.000000
       -0.090216,        0.066503,        5.000000,       63.000000
       -0.100683,        0.071185,        5.000000,       63.000000
       -0.108764,        0.077037,        5.000000,       63.000000
       -0.114655,        0.083549,        5.000000,       63.000000
       -0.118730,        0.089764,        5.000000,       63.000000
       -0.120162,        0.094535,        5.000000,       63.000000
       -0.118614,        0.097170,        5.000000,       63.000000
       -0.113610,        0.097368,        5.000000,       63.000000
       -0.104731,        0.095211,        5.000000,       63.000000
       -0.091479,        0.091160,        5.000000,       63.000000
       -0.073608,        0.086077,        5.000000,       63.000000
       -0.049907,        0.081081,        5.000000,       63.000000
       -0.027261,        0.076614,        5.000000,       63.000000
       -0.014043,        0.072926,        5.000000,       63.000000
       -0.010984,        0.069897,        5.000000,       63.000000
       -0.018931,        0.067287,        5.000000,       63.000000
       -0.036060,        0.065017,        5.000000,       63.000000
       -0.065536,        0.063253,        5.000000,       63.000000
       -0.104691,        0.062294,        5.000000,       63.000000
       -0.142264,        0.062132,        5.000000,       63.000000
       -0.181364,        0.062706,        5.000000,       63.000000
       -0.213462,        0.064003,        5.000000,       63.000000
       -0.235103,        0.065638,        5.000000,       63.000000
       -0.244389,        0.067050,        5.000000,       63.000000
       -0.239569,        0.067872,        5.000000,       63.000000
       -0.219239,        0.068050,        5.000000,       63.000000
       -0.189641,        0.067630,        5.000000,       63.000000
       -0.154876,        0.066705,        5.000000,       63.000000
       -0.114174,        0.065388,        5.000000,       63.000000
       -0.069527,        0.063880,        5.000000,       63.000000
       -0.030040,        0.062514,        5.000000,       63.000000
       -0.002688,        0.061690,        5.000000,       63.000000
        0.019020,        0.061506,        5.000000,       63.000000
        0.033091,        0.061862,        5.000000,       63.000000
        0.042679,        0.062860,        5.000000,       63.000000
        0.061144,        0.064416,        5.000000,       63.000000
        0.087243,        0.066138,        5.000000,       63.000000
        0.120694,        0.067628,        5.000000,       63.000000
        0.154955,        0.068648,        5.000000,       63.000000
        0.183964,        0.069200,        5.000000,       63.000000
        0.212876,        0.069173,        5.000000,       63.000000
        0.241942,        0.068518,        5.000000,       63.000000
        0.268213,        0.067560,        5.000000,       63.000000
        0.294011,        0.067153,        5.000000,       63.000000
        0.327544,        0.069012,        5.000000,       63.000000
        0.366637,        0.075426,        5.000000,       63.000000
        0.407633,        0.088398,        5.000000,       63.000000
        0.452720,        0.108717,        5.000000,       63.000000
        0.497413,        0.135709,        5.000000,       63.000000
