      788.002700,        0.000000,        0.000000,        0.000000
     -199.353200,        0.000000,        0.000000,        0.000000
    -1676.758100,        0.000000,        0.000000,        0.000000
      -31.737100,        0.000000,        0.000000,        0.000000
     -932.468200,        0.000000,        0.000000,        0.000000
    -1675.639600,        0.000000,        0.000000,        0.000000
     -860.235900,        0.000000,        0.000000,        0.000000
     -138.386300,        0.000000,        0.000000,        0.000000
    -1668.392600,        0.000000,        0.000000,        0.000000
       -4.541000,        0.000000,        0.000000,        0.000000
      898.146200,        0.000000,        0.000000,        0.000000
    -1659.717000,        0.000000,        0.000000,        0.000000
        0.238604,        0.009971,        0.000000,        0.000000
       -0.064520,        0.009282,        0.000000,        0.000000
        0.107096,        0.004850,        0.000000,        0.000000
        1.554700,        0.000000,        0.000000,        0.000000
       -1.269000,        0.000000,        0.000000,        0.000000
       23.729500,        0.000000,        0.000000,        0.000000
       -8.224834,        0.210116,        1.000000,       63.000000
       -8.202550,        0.151201,        1.000000,       63.000000
       -8.181233,        0.114750,        1.000000,       63.000000
       -8.146114,        0.099864,        1.000000,       63.000000
       -8.062573,        0.096196,        1.000000,       63.000000
       -7.934563,        0.093714,        1.000000,       63.000000
       -7.771083,        0.090587,        1.000000,       63.000000
       -7.594393,        0.086646,        1.000000,       63.000000
       -7.421176,        0.082184,        1.000000,       63.000000
       -7.240939,        0.078524,        1.000000,       63.000000
       -7.052216,        0.077030,        1.000000,       63.000000
       -6.832870,        0.076915,        1.000000,       63.000000
       -6.570616,        0.077240,        1.000000,       63.000000
       -6.269327,        0.079536,        1.000000,       63.000000
       -5.939507,        0.083712,        1.000000,       63.000000
       -5.607818,        0.087750,        1.000000,       63.000000
       -5.282811,        0.090605,        1.000000,       63.000000
       -4.977922,        0.091250,        1.000000,       63.000000
       -4.691634,        0.090465,        1.000000,       63.000000
       -4.428703,        0.089597,        1.000000,       63.000000
       -4.212993,        0.088633,        1.000000,       63.000000
       -4.034101,        0.087320,        1.000000,       63.000000
       -3.887218,        0.085071,        1.000000,       63.000000
       -3.766230,        0.081970,        1.000000,       63.000000
       -3.651560,        0.079000,        1.000000,       63.000000
       -3.513523,        0.077792,        1.000000,       63.000000
       -3.367297,        0.078111,        1.000000,       63.000000
       -3.246968,        0.078444,        1.000000,       63.000000
       -3.197148,        0.079865,        1.000000,       63.000000
       -3.247519,        0.083022,        1.000000,       63.000000
       -3.408258,        0.086494,        1.000000,       63.000000
       -3.692365,        0.089147,        1.000000,       63.000000
       -4.092027,        0.090415,        1.000000,       63.000000
       -4.576950,        0.090689,        1.000000,       63.000000
       -5.139534,        0.090405,        1.000000,       63.000000
       -5.763365,        0.089497,        1.000000,       63.000000
       -6.394657,        0.087698,        1.000000,       63.000000
       -6.966188,        0.084798,        1.000000,       63.000000
       -7.436697,        0.081047,        1.000000,       63.000000
       -7.756302,        0.077973,        1.000000,       63.000000
       -7.893866,        0.076718,        1.000000,       63.000000
       -7.843933,        0.076503,        1.000000,       63.000000
       -7.673548,        0.076984,        1.000000,       63.000000
       -7.458724,        0.079246,        1.000000,       63.000000
       -7.256704,        0.083008,        1.000000,       63.000000
       -7.118555,        0.086592,        1.000000,       63.000000
       -7.049876,        0.088956,        1.000000,       63.000000
       -7.020814,        0.089226,        1.000000,       63.000000
       -7.002004,        0.088723,        1.000000,       63.000000
       -6.984334,        0.088001,        1.000000,       63.000000
       -6.963565,        0.086946,        1.000000,       63.000000
       -6.929867,        0.085405,        1.000000,       63.000000
       -6.889997,        0.082978,        1.000000,       63.000000
       -6.851046,        0.080120,        1.000000,       63.000000
       -6.809046,        0.078427,        1.000000,       63.000000
       -6.758623,        0.078766,        1.000000,       63.000000
       -6.676327,        0.079444,        1.000000,       63.000000
       -6.541458,        0.079346,        1.000000,       63.000000
       -6.339325,        0.081650,        1.000000,       63.000000
       -6.054773,        0.090664,        1.000000,       63.000000
       -5.703909,        0.112835,        1.000000,       63.000000
       -5.325980,        0.155410,        1.000000,       63.000000
       -4.951147,        0.217424,        1.000000,       63.000000
        0.591301,        0.212489,        2.000000,       63.000000
        0.585138,        0.180578,        2.000000,       63.000000
        0.578994,        0.151964,        2.000000,       63.000000
        0.572772,        0.127224,        2.000000,       63.000000
        0.566900,        0.106923,        2.000000,       63.000000
        0.561857,        0.091315,        2.000000,       63.000000
        0.557323,        0.080402,        2.000000,       63.000000
        0.552393,        0.073430,        2.000000,       63.000000
        0.545949,        0.069289,        2.000000,       63.000000
        0.538155,        0.067243,        2.000000,       63.000000
        0.530450,        0.066775,        2.000000,       63.000000
        0.525148,        0.067570,        2.000000,       63.000000
        0.524527,        0.069338,        2.000000,       63.000000
        0.530410,        0.071902,        2.000000,       63.000000
        0.544910,        0.074877,        2.000000,       63.000000
        0.567460,        0.077610,        2.000000,       63.000000
        0.597220,        0.079502,        2.000000,       63.000000
        0.632997,        0.080187,        2.000000,       63.000000
        0.672830,        0.079550,        2.000000,       63.000000
        0.714913,        0.077815,        2.000000,       63.000000
        0.756977,        0.075444,        2.000000,       63.000000
        0.798433,        0.072916,        2.000000,       63.000000
        0.838494,        0.070486,        2.000000,       63.000000
        0.876081,        0.068303,        2.000000,       63.000000
        0.908651,        0.066701,        2.000000,       63.000000
        0.933761,        0.066028,        2.000000,       63.000000
        0.951820,        0.066448,        2.000000,       63.000000
        0.964962,        0.067850,        2.000000,       63.000000
        0.972898,        0.070094,        2.000000,       63.000000
        0.973512,        0.072857,        2.000000,       63.000000
        0.966912,        0.075538,        2.000000,       63.000000
        0.955430,        0.077499,        2.000000,       63.000000
        0.942235,        0.078358,        2.000000,       63.000000
        0.930608,        0.077982,        2.000000,       63.000000
        0.923603,        0.076583,        2.000000,       63.000000
        0.925384,        0.074545,        2.000000,       63.000000
        0.937868,        0.072252,        2.000000,       63.000000
        0.961079,        0.069900,        2.000000,       63.000000
        0.991942,        0.067681,        2.000000,       63.000000
        1.027163,        0.066020,        2.000000,       63.000000
        1.060065,        0.065256,        2.000000,       63.000000
        1.082852,        0.065585,        2.000000,       63.000000
        1.095979,        0.066986,        2.000000,       63.000000
        1.099402,        0.069287,        2.000000,       63.000000
        1.093574,        0.072080,        2.000000,       63.000000
        1.080020,        0.074681,        2.000000,       63.000000
        1.062053,        0.076488,        2.000000,       63.000000
        1.042249,        0.077171,        2.000000,       63.000000
        1.022800,        0.076695,        2.000000,       63.000000
        1.005927,        0.075373,        2.000000,       63.000000
        0.993462,        0.073643,        2.000000,       63.000000
        0.987077,        0.071801,        2.000000,       63.000000
        0.987559,        0.069908,        2.000000,       63.000000
        0.995277,        0.068085,        2.000000,       63.000000
        1.009517,        0.066817,        2.000000,       63.000000
        1.031499,        0.066719,        2.000000,       63.000000
        1.059575,        0.068682,        2.000000,       63.000000
        1.090335,        0.073936,        2.000000,       63.000000
        1.121866,        0.083855,        2.000000,       63.000000
        1.151744,        0.099149,        2.000000,       63.000000
        1.181727,        0.119602,        2.000000,       63.000000
        1.212199,        0.144589,        2.000000,       63.000000
        1.242699,        0.173443,        2.000000,       63.000000
       -0.008890,        0.146689,        3.000000,       63.000000
        0.006924,        0.124928,        3.000000,       63.000000
        0.022742,        0.108212,        3.000000,       63.000000
        0.039891,        0.096363,        3.000000,       63.000000
        0.057622,        0.088176,        3.000000,       63.000000
        0.075198,        0.082255,        3.000000,       63.000000
        0.091347,        0.077487,        3.000000,       63.000000
        0.104861,        0.073374,        3.000000,       63.000000
        0.114849,        0.069886,        3.000000,       63.000000
        0.118742,        0.067207,        3.000000,       63.000000
        0.113417,        0.065558,        3.000000,       63.000000
        0.098414,        0.064923,        3.000000,       63.000000
        0.076162,        0.065236,        3.000000,       63.000000
        0.051282,        0.066442,        3.000000,       63.000000
        0.026927,        0.068270,        3.000000,       63.000000
        0.006204,        0.070257,        3.000000,       63.000000
       -0.009619,        0.071884,        3.000000,       63.000000
       -0.019262,        0.072978,        3.000000,       63.000000
       -0.021849,        0.073678,        3.000000,       63.000000
       -0.017111,        0.074011,        3.000000,       63.000000
       -0.005558,        0.073730,        3.000000,       63.000000
        0.010926,        0.072641,        3.000000,       63.000000
        0.029627,        0.070845,        3.000000,       63.000000
        0.047654,        0.068748,        3.000000,       63.000000
        0.060751,        0.066852,        3.000000,       63.000000
        0.066003,        0.065534,        3.000000,       63.000000
        0.066539,        0.064984,        3.000000,       63.000000
        0.064755,        0.065245,        3.000000,       63.000000
        0.059195,        0.066308,        3.000000,       63.000000
        0.049478,        0.068036,        3.000000,       63.000000
        0.036749,        0.070056,        3.000000,       63.000000
        0.021753,        0.071836,        3.000000,       63.000000
        0.004419,        0.073158,        3.000000,       63.000000
       -0.014238,        0.074069,        3.000000,       63.000000
       -0.032943,        0.074433,        3.000000,       63.000000
       -0.049436,        0.074002,        3.000000,       63.000000
       -0.063412,        0.072647,        3.000000,       63.000000
       -0.074941,        0.070579,        3.000000,       63.000000
       -0.083139,        0.068311,        3.000000,       63.000000
       -0.085867,        0.066373,        3.000000,       63.000000
       -0.080310,        0.065128,        3.000000,       63.000000
       -0.062947,        0.064690,        3.000000,       63.000000
       -0.034075,        0.065111,        3.000000,       63.000000
        0.002974,        0.066376,        3.000000,       63.000000
        0.043134,        0.068251,        3.000000,       63.000000
        0.082364,        0.070301,        3.000000,       63.000000
        0.118988,        0.072046,        3.000000,       63.000000
        0.150784,        0.073381,        3.000000,       63.000000
        0.176149,        0.074364,        3.000000,       63.000000
        0.194280,        0.074815,        3.000000,       63.000000
        0.205276,        0.074445,        3.000000,       63.000000
        0.209128,        0.073120,        3.000000,       63.000000
        0.205843,        0.071078,        3.000000,       63.000000
        0.195336,        0.068810,        3.000000,       63.000000
        0.176982,        0.066922,        3.000000,       63.000000
        0.149844,        0.066176,        3.000000,       63.000000
        0.112076,        0.067464,        3.000000,       63.000000
        0.065751,        0.072081,        3.000000,       63.000000
        0.012718,        0.081529,        3.000000,       63.000000
       -0.045625,        0.096620,        3.000000,       63.000000
       -0.108053,        0.117229,        3.000000,       63.000000
       -0.171445,        0.142548,        3.000000,       63.000000
       -0.234716,        0.171762,        3.000000,       63.000000
        0.607016,        0.134355,        4.000000,       63.000000
        0.593641,        0.112213,        4.000000,       63.000000
        0.580338,        0.095036,        4.000000,       63.000000
        0.568004,        0.082806,        4.000000,       63.000000
        0.557864,        0.074675,        4.000000,       63.000000
        0.549854,        0.069336,        4.000000,       63.000000
        0.544859,        0.065743,        4.000000,       63.000000
        0.543588,        0.063130,        4.000000,       63.000000
        0.545093,        0.061061,        4.000000,       63.000000
        0.547940,        0.059535,        4.000000,       63.000000
        0.549865,        0.058710,        4.000000,       63.000000
        0.548687,        0.058609,        4.000000,       63.000000
        0.541374,        0.059158,        4.000000,       63.000000
        0.528661,        0.060410,        4.000000,       63.000000
        0.515064,        0.062175,        4.000000,       63.000000
        0.502687,        0.063996,        4.000000,       63.000000
        0.495849,        0.065515,        4.000000,       63.000000
        0.495519,        0.066462,        4.000000,       63.000000
        0.500753,        0.066774,        4.000000,       63.000000
        0.510581,        0.066533,        4.000000,       63.000000
        0.524148,        0.065808,        4.000000,       63.000000
        0.539034,        0.064688,        4.000000,       63.000000
        0.554573,        0.063241,        4.000000,       63.000000
        0.571092,        0.061700,        4.000000,       63.000000
        0.588242,        0.060420,        4.000000,       63.000000
        0.607361,        0.059677,        4.000000,       63.000000
        0.630071,        0.059541,        4.000000,       63.000000
        0.650359,        0.059882,        4.000000,       63.000000
        0.664290,        0.060650,        4.000000,       63.000000
        0.674138,        0.061854,        4.000000,       63.000000
        0.680095,        0.063225,        4.000000,       63.000000
        0.684674,        0.064413,        4.000000,       63.000000
        0.689083,        0.065208,        4.000000,       63.000000
        0.694504,        0.065521,        4.000000,       63.000000
        0.703700,        0.065374,        4.000000,       63.000000
        0.718706,        0.064752,        4.000000,       63.000000
        0.741784,        0.063666,        4.000000,       63.000000
        0.773304,        0.062223,        4.000000,       63.000000
        0.811508,        0.060681,        4.000000,       63.000000
        0.852941,        0.059432,        4.000000,       63.000000
        0.891197,        0.058699,        4.000000,       63.000000
        0.921690,        0.058537,        4.000000,       63.000000
        0.943359,        0.058944,        4.000000,       63.000000
        0.954162,        0.059906,        4.000000,       63.000000
        0.953607,        0.061295,        4.000000,       63.000000
        0.946144,        0.062751,        4.000000,       63.000000
        0.932907,        0.063939,        4.000000,       63.000000
        0.914357,        0.064645,        4.000000,       63.000000
        0.892578,        0.064849,        4.000000,       63.000000
        0.868576,        0.064592,        4.000000,       63.000000
        0.843002,        0.063936,        4.000000,       63.000000
        0.817585,        0.062987,        4.000000,       63.000000
        0.793391,        0.061846,        4.000000,       63.000000
        0.771135,        0.060668,        4.000000,       63.000000
        0.749901,        0.059768,        4.000000,       63.000000
        0.730077,        0.059408,        4.000000,       63.000000
        0.710845,        0.059796,        4.000000,       63.000000
        0.690603,        0.061554,        4.000000,       63.000000
        0.667739,        0.066023,        4.000000,       63.000000
        0.642919,        0.074584,        4.000000,       63.000000
        0.617072,        0.088168,        4.000000,       63.000000
        0.590396,        0.107103,        4.000000,       63.000000
        0.563776,        0.130858,        4.000000,       63.000000
       -0.409613,        0.125268,        5.000000,       63.000000
       -0.385062,        0.103374,        5.000000,       63.000000
       -0.360574,        0.086658,        5.000000,       63.000000
       -0.336063,        0.075206,        5.000000,       63.000000
       -0.308208,        0.068029,        5.000000,       63.000000
       -0.276755,        0.063550,        5.000000,       63.000000
       -0.242759,        0.060599,        5.000000,       63.000000
       -0.206603,        0.058371,        5.000000,       63.000000
       -0.169345,        0.056528,        5.000000,       63.000000
       -0.133137,        0.055109,        5.000000,       63.000000
       -0.100481,        0.054213,        5.000000,       63.000000
       -0.074158,        0.053889,        5.000000,       63.000000
       -0.054714,        0.054096,        5.000000,       63.000000
       -0.044924,        0.054906,        5.000000,       63.000000
       -0.045757,        0.056249,        5.000000,       63.000000
       -0.057479,        0.057754,        5.000000,       63.000000
       -0.074822,        0.059026,        5.000000,       63.000000
       -0.095240,        0.059813,        5.000000,       63.000000
       -0.118079,        0.060083,        5.000000,       63.000000
       -0.144332,        0.059910,        5.000000,       63.000000
       -0.174024,        0.059333,        5.000000,       63.000000
       -0.206584,        0.058408,        5.000000,       63.000000
       -0.241745,        0.057251,        5.000000,       63.000000
       -0.276617,        0.056025,        5.000000,       63.000000
       -0.308896,        0.054995,        5.000000,       63.000000
       -0.338566,        0.054438,        5.000000,       63.000000
       -0.366581,        0.054398,        5.000000,       63.000000
       -0.392270,        0.054764,        5.000000,       63.000000
       -0.415533,        0.055618,        5.000000,       63.000000
       -0.435582,        0.056910,        5.000000,       63.000000
       -0.451639,        0.058337,        5.000000,       63.000000
       -0.462952,        0.059580,        5.000000,       63.000000
       -0.471546,        0.060424,        5.000000,       63.000000
       -0.478599,        0.060798,        5.000000,       63.000000
       -0.483336,        0.060661,        5.000000,       63.000000
       -0.484922,        0.060013,        5.000000,       63.000000
       -0.482078,        0.058909,        5.000000,       63.000000
       -0.471547,        0.057471,        5.000000,       63.000000
       -0.451354,        0.055915,        5.000000,       63.000000
       -0.420625,        0.054623,        5.000000,       63.000000
       -0.380974,        0.053883,        5.000000,       63.000000
       -0.335369,        0.053705,        5.000000,       63.000000
       -0.286763,        0.054093,        5.000000,       63.000000
       -0.241684,        0.055101,        5.000000,       63.000000
       -0.203906,        0.056524,        5.000000,       63.000000
       -0.176445,        0.057971,        5.000000,       63.000000
       -0.161008,        0.059109,        5.000000,       63.000000
       -0.158451,        0.059716,        5.000000,       63.000000
       -0.166356,        0.059856,        5.000000,       63.000000
       -0.180741,        0.059603,        5.000000,       63.000000
       -0.199853,        0.058982,        5.000000,       63.000000
       -0.221021,        0.058056,        5.000000,       63.000000
       -0.241918,        0.056937,        5.000000,       63.000000
       -0.261781,        0.055831,        5.000000,       63.000000
       -0.278472,        0.055001,        5.000000,       63.000000
       -0.293330,        0.054598,        5.000000,       63.000000
       -0.306580,        0.054769,        5.000000,       63.000000
       -0.316694,        0.055990,        5.000000,       63.000000
       -0.321874,        0.059490,        5.000000,       63.000000
       -0.322555,        0.066837,        5.000000,       63.000000
       -0.320087,        0.079245,        5.000000,       63.000000
       -0.317243,        0.097184,        5.000000,       63.000000
       -0.314497,        0.120151,        5.000000,       63.000000
