      788.002700,        0.000000,        0.000000,        0.000000
     -199.353200,        0.000000,        0.000000,        0.000000
    -1676.758100,        0.000000,        0.000000,        0.000000
      -31.737100,        0.000000,        0.000000,        0.000000
     -932.468200,        0.000000,        0.000000,        0.000000
    -1675.639600,        0.000000,        0.000000,        0.000000
     -860.235900,        0.000000,        0.000000,        0.000000
     -138.386300,        0.000000,        0.000000,        0.000000
    -1668.392600,        0.000000,        0.000000,        0.000000
       -4.541000,        0.000000,        0.000000,        0.000000
      898.146200,        0.000000,        0.000000,        0.000000
    -1659.717000,        0.000000,        0.000000,        0.000000
        0.046430,        0.012318,        0.000000,        0.000000
       -0.012727,        0.011677,        0.000000,        0.000000
        0.006125,        0.006179,        0.000000,        0.000000
        1.554700,        0.000000,        0.000000,        0.000000
       -1.269000,        0.000000,        0.000000,        0.000000
       23.729500,        0.000000,        0.000000,        0.000000
       -0.033000,        0.233443,        1.000000,       48.000000
       -0.098304,        0.167291,        1.000000,       48.000000
       -0.162315,        0.125204,        1.000000,       48.000000
       -0.236289,        0.107187,        1.000000,       48.000000
       -0.328830,        0.102615,        1.000000,       48.000000
       -0.424622,        0.101581,        1.000000,       48.000000
       -0.511189,        0.099404,        1.000000,       48.000000
       -0.545358,        0.095442,        1.000000,       48.000000
       -0.532587,        0.090963,        1.000000,       48.000000
       -0.529909,        0.088309,        1.000000,       48.000000
       -0.670956,        0.087626,        1.000000,       48.000000
       -0.950833,        0.088204,        1.000000,       48.000000
       -1.331244,        0.090797,        1.000000,       48.000000
       -1.758546,        0.095161,        1.000000,       48.000000
       -2.245083,        0.099757,        1.000000,       48.000000
       -2.747982,        0.103357,        1.000000,       48.000000
       -3.245566,        0.104719,        1.000000,       48.000000
       -3.751155,        0.104542,        1.000000,       48.000000
       -4.250965,        0.103969,        1.000000,       48.000000
       -4.689675,        0.103250,        1.000000,       48.000000
       -5.023952,        0.102015,        1.000000,       48.000000
       -5.224336,        0.099625,        1.000000,       48.000000
       -5.283570,        0.095868,        1.000000,       48.000000
       -5.214833,        0.091811,        1.000000,       48.000000
       -5.058673,        0.088926,        1.000000,       48.000000
       -4.856961,        0.087858,        1.000000,       48.000000
       -4.591842,        0.087875,        1.000000,       48.000000
       -4.270183,        0.088259,        1.000000,       48.000000
       -3.938110,        0.090087,        1.000000,       48.000000
       -3.671572,        0.093814,        1.000000,       48.000000
       -3.519152,        0.098286,        1.000000,       48.000000
       -3.465142,        0.101699,        1.000000,       48.000000
       -3.500966,        0.102606,        1.000000,       48.000000
       -3.593832,        0.101861,        1.000000,       48.000000
       -3.733592,        0.100350,        1.000000,       48.000000
       -3.928357,        0.098463,        1.000000,       48.000000
       -4.164445,        0.096406,        1.000000,       48.000000
       -4.445195,        0.094052,        1.000000,       48.000000
       -4.739685,        0.091055,        1.000000,       48.000000
       -4.976465,        0.088408,        1.000000,       48.000000
       -5.115314,        0.087344,        1.000000,       48.000000
       -5.176062,        0.087756,        1.000000,       48.000000
       -5.206625,        0.089493,        1.000000,       48.000000
       -5.232490,        0.094130,        1.000000,       48.000000
       -5.260029,        0.105254,        1.000000,       48.000000
       -5.277847,        0.129891,        1.000000,       48.000000
       -5.291287,        0.176282,        1.000000,       48.000000
       -5.304555,        0.244197,        1.000000,       48.000000
        0.582511,        0.217104,        2.000000,       48.000000
        0.562316,        0.183328,        2.000000,       48.000000
        0.542042,        0.153529,        2.000000,       48.000000
        0.522094,        0.128473,        2.000000,       48.000000
        0.500359,        0.108874,        2.000000,       48.000000
        0.473502,        0.094915,        2.000000,       48.000000
        0.438734,        0.085882,        2.000000,       48.000000
        0.390083,        0.080524,        2.000000,       48.000000
        0.316833,        0.077818,        2.000000,       48.000000
        0.210089,        0.077070,        2.000000,       48.000000
        0.068777,        0.077852,        2.000000,       48.000000
       -0.092553,        0.079810,        2.000000,       48.000000
       -0.257537,        0.082655,        2.000000,       48.000000
       -0.409558,        0.085961,        2.000000,       48.000000
       -0.539772,        0.089036,        2.000000,       48.000000
       -0.644637,        0.091234,        2.000000,       48.000000
       -0.724264,        0.092162,        2.000000,       48.000000
       -0.779817,        0.091697,        2.000000,       48.000000
       -0.812218,        0.090079,        2.000000,       48.000000
       -0.822725,        0.087742,        2.000000,       48.000000
       -0.814436,        0.085148,        2.000000,       48.000000
       -0.792221,        0.082516,        2.000000,       48.000000
       -0.757631,        0.079923,        2.000000,       48.000000
       -0.711003,        0.077571,        2.000000,       48.000000
       -0.653632,        0.075856,        2.000000,       48.000000
       -0.586899,        0.074984,        2.000000,       48.000000
       -0.512019,        0.075110,        2.000000,       48.000000
       -0.435649,        0.076169,        2.000000,       48.000000
       -0.357983,        0.078039,        2.000000,       48.000000
       -0.279128,        0.080437,        2.000000,       48.000000
       -0.198807,        0.082804,        2.000000,       48.000000
       -0.118608,        0.084430,        2.000000,       48.000000
       -0.040114,        0.084861,        2.000000,       48.000000
        0.035705,        0.083996,        2.000000,       48.000000
        0.107577,        0.082160,        2.000000,       48.000000
        0.175353,        0.079888,        2.000000,       48.000000
        0.237311,        0.077734,        2.000000,       48.000000
        0.292950,        0.075985,        2.000000,       48.000000
        0.346273,        0.074493,        2.000000,       48.000000
        0.400710,        0.073617,        2.000000,       48.000000
        0.453362,        0.074047,        2.000000,       48.000000
        0.498193,        0.076898,        2.000000,       48.000000
        0.536827,        0.083427,        2.000000,       48.000000
        0.570090,        0.094895,        2.000000,       48.000000
        0.603347,        0.112048,        2.000000,       48.000000
        0.638608,        0.134706,        2.000000,       48.000000
        0.674217,        0.162261,        2.000000,       48.000000
        0.709831,        0.194053,        2.000000,       48.000000
        1.318118,        0.161845,        3.000000,       48.000000
        1.286817,        0.137189,        3.000000,       48.000000
        1.255455,        0.118036,        3.000000,       48.000000
        1.223758,        0.104367,        3.000000,       48.000000
        1.191234,        0.094992,        3.000000,       48.000000
        1.155812,        0.088447,        3.000000,       48.000000
        1.115983,        0.083602,        3.000000,       48.000000
        1.070474,        0.079879,        3.000000,       48.000000
        1.022622,        0.077123,        3.000000,       48.000000
        0.979550,        0.075425,        3.000000,       48.000000
        0.943419,        0.074790,        3.000000,       48.000000
        0.915093,        0.075217,        3.000000,       48.000000
        0.889962,        0.076625,        3.000000,       48.000000
        0.865891,        0.078751,        3.000000,       48.000000
        0.843898,        0.081146,        3.000000,       48.000000
        0.821252,        0.083236,        3.000000,       48.000000
        0.795443,        0.084785,        3.000000,       48.000000
        0.764788,        0.085860,        3.000000,       48.000000
        0.727284,        0.086432,        3.000000,       48.000000
        0.685518,        0.086220,        3.000000,       48.000000
        0.643524,        0.085014,        3.000000,       48.000000
        0.605903,        0.082859,        3.000000,       48.000000
        0.577396,        0.080163,        3.000000,       48.000000
        0.564200,        0.077514,        3.000000,       48.000000
        0.569596,        0.075367,        3.000000,       48.000000
        0.595281,        0.074060,        3.000000,       48.000000
        0.634725,        0.073633,        3.000000,       48.000000
        0.680660,        0.074104,        3.000000,       48.000000
        0.724946,        0.075441,        3.000000,       48.000000
        0.758891,        0.077417,        3.000000,       48.000000
        0.779285,        0.079628,        3.000000,       48.000000
        0.790491,        0.081523,        3.000000,       48.000000
        0.797798,        0.082899,        3.000000,       48.000000
        0.806839,        0.083817,        3.000000,       48.000000
        0.818371,        0.084155,        3.000000,       48.000000
        0.831686,        0.083628,        3.000000,       48.000000
        0.845049,        0.082067,        3.000000,       48.000000
        0.856509,        0.079680,        3.000000,       48.000000
        0.861301,        0.076938,        3.000000,       48.000000
        0.856360,        0.074517,        3.000000,       48.000000
        0.841410,        0.073325,        3.000000,       48.000000
        0.818334,        0.074601,        3.000000,       48.000000
        0.790296,        0.080025,        3.000000,       48.000000
        0.759299,        0.091062,        3.000000,       48.000000
        0.724539,        0.108398,        3.000000,       48.000000
        0.689755,        0.131757,        3.000000,       48.000000
        0.655031,        0.160220,        3.000000,       48.000000
        0.620304,        0.192908,        3.000000,       48.000000
        0.011698,        0.146823,        4.000000,       48.000000
        0.018368,        0.122264,        4.000000,       48.000000
        0.025161,        0.103251,        4.000000,       48.000000
        0.031787,        0.089918,        4.000000,       48.000000
        0.037753,        0.081407,        4.000000,       48.000000
        0.042006,        0.076288,        4.000000,       48.000000
        0.042313,        0.073119,        4.000000,       48.000000
        0.039384,        0.070919,        4.000000,       48.000000
        0.036063,        0.069333,        4.000000,       48.000000
        0.035512,        0.068451,        4.000000,       48.000000
        0.036954,        0.068322,        4.000000,       48.000000
        0.037680,        0.068909,        4.000000,       48.000000
        0.035792,        0.070241,        4.000000,       48.000000
        0.028964,        0.072122,        4.000000,       48.000000
        0.018320,        0.074102,        4.000000,       48.000000
        0.005020,        0.075773,        4.000000,       48.000000
       -0.009359,        0.076824,        4.000000,       48.000000
       -0.022136,        0.077178,        4.000000,       48.000000
       -0.030867,        0.076923,        4.000000,       48.000000
       -0.035400,        0.076134,        4.000000,       48.000000
       -0.035542,        0.074886,        4.000000,       48.000000
       -0.030670,        0.073275,        4.000000,       48.000000
       -0.021523,        0.071451,        4.000000,       48.000000
       -0.009202,        0.069712,        4.000000,       48.000000
        0.005685,        0.068382,        4.000000,       48.000000
        0.019673,        0.067618,        4.000000,       48.000000
        0.030540,        0.067494,        4.000000,       48.000000
        0.038509,        0.067935,        4.000000,       48.000000
        0.043451,        0.068907,        4.000000,       48.000000
        0.045257,        0.070333,        4.000000,       48.000000
        0.043993,        0.071891,        4.000000,       48.000000
        0.039913,        0.073126,        4.000000,       48.000000
        0.035403,        0.073725,        4.000000,       48.000000
        0.032904,        0.073642,        4.000000,       48.000000
        0.035799,        0.073008,        4.000000,       48.000000
        0.045464,        0.071936,        4.000000,       48.000000
        0.061367,        0.070626,        4.000000,       48.000000
        0.079681,        0.069285,        4.000000,       48.000000
        0.095551,        0.067984,        4.000000,       48.000000
        0.104579,        0.066986,        4.000000,       48.000000
        0.107165,        0.066539,        4.000000,       48.000000
        0.106087,        0.067079,        4.000000,       48.000000
        0.103450,        0.069324,        4.000000,       48.000000
        0.097815,        0.074410,        4.000000,       48.000000
        0.086562,        0.083790,        4.000000,       48.000000
        0.070500,        0.098490,        4.000000,       48.000000
        0.052712,        0.118931,        4.000000,       48.000000
        0.035111,        0.144713,        4.000000,       48.000000
       -0.383039,        0.136189,        5.000000,       48.000000
       -0.386306,        0.112165,        5.000000,       48.000000
       -0.389545,        0.093979,        5.000000,       48.000000
       -0.393676,        0.081834,        5.000000,       48.000000
       -0.396437,        0.074600,        5.000000,       48.000000
       -0.394551,        0.070517,        5.000000,       48.000000
       -0.385561,        0.067991,        5.000000,       48.000000
       -0.368253,        0.066097,        5.000000,       48.000000
       -0.344052,        0.064591,        5.000000,       48.000000
       -0.315585,        0.063590,        5.000000,       48.000000
       -0.285887,        0.063203,        5.000000,       48.000000
       -0.258961,        0.063480,        5.000000,       48.000000
       -0.236167,        0.064452,        5.000000,       48.000000
       -0.219516,        0.066037,        5.000000,       48.000000
       -0.210122,        0.067895,        5.000000,       48.000000
       -0.202297,        0.069573,        5.000000,       48.000000
       -0.193658,        0.070763,        5.000000,       48.000000
       -0.184337,        0.071390,        5.000000,       48.000000
       -0.173553,        0.071459,        5.000000,       48.000000
       -0.164452,        0.070986,        5.000000,       48.000000
       -0.159286,        0.069979,        5.000000,       48.000000
       -0.159070,        0.068486,        5.000000,       48.000000
       -0.163812,        0.066680,        5.000000,       48.000000
       -0.172044,        0.064870,        5.000000,       48.000000
       -0.181725,        0.063450,        5.000000,       48.000000
       -0.188477,        0.062669,        5.000000,       48.000000
       -0.193951,        0.062501,        5.000000,       48.000000
       -0.200061,        0.062896,        5.000000,       48.000000
       -0.203734,        0.063921,        5.000000,       48.000000
       -0.204612,        0.065430,        5.000000,       48.000000
       -0.201826,        0.067075,        5.000000,       48.000000
       -0.194727,        0.068410,        5.000000,       48.000000
       -0.185167,        0.069141,        5.000000,       48.000000
       -0.174055,        0.069261,        5.000000,       48.000000
       -0.162456,        0.068833,        5.000000,       48.000000
       -0.151982,        0.067939,        5.000000,       48.000000
       -0.143494,        0.066716,        5.000000,       48.000000
       -0.136491,        0.065376,        5.000000,       48.000000
       -0.127854,        0.063983,        5.000000,       48.000000
       -0.116321,        0.062803,        5.000000,       48.000000
       -0.100918,        0.062153,        5.000000,       48.000000
       -0.081196,        0.062351,        5.000000,       48.000000
       -0.059020,        0.064053,        5.000000,       48.000000
       -0.034738,        0.068477,        5.000000,       48.000000
       -0.008268,        0.077079,        5.000000,       48.000000
        0.019232,        0.090979,        5.000000,       48.000000
        0.047489,        0.110747,        5.000000,       48.000000
        0.075673,        0.135969,        5.000000,       48.000000
