      788.002700,        0.000000,        0.000000,        0.000000
     -199.353200,        0.000000,        0.000000,        0.000000
    -1676.758100,        0.000000,        0.000000,        0.000000
      -31.737100,        0.000000,        0.000000,        0.000000
     -932.468200,        0.000000,        0.000000,        0.000000
    -1675.639600,        0.000000,        0.000000,        0.000000
     -860.235900,        0.000000,        0.000000,        0.000000
     -138.386300,        0.000000,        0.000000,        0.000000
    -1668.392600,        0.000000,        0.000000,        0.000000
       -4.541000,        0.000000,        0.000000,        0.000000
      898.146200,        0.000000,        0.000000,        0.000000
    -1659.717000,        0.000000,        0.000000,        0.000000
        0.007751,        0.009321,        0.000000,        0.000000
        0.003104,        0.009348,        0.000000,        0.000000
        0.016402,        0.004592,        0.000000,        0.000000
        1.554700,        0.000000,        0.000000,        0.000000
       -1.269000,        0.000000,        0.000000,        0.000000
       23.729500,        0.000000,        0.000000,        0.000000
       -0.446610,        0.299709,        1.000000,       53.000000
       -0.811274,        0.123763,        1.000000,       53.000000
       -1.192322,        0.100728,        1.000000,       53.000000
       -1.582625,        0.090190,        1.000000,       53.000000
       -2.024419,        0.090615,        1.000000,       53.000000
       -2.555837,        0.092465,        1.000000,       53.000000
       -3.085911,        0.090200,        1.000000,       53.000000
       -3.429586,        0.099577,        1.000000,       53.000000
       -3.364869,        0.089882,        1.000000,       53.000000
       -3.017803,        0.091574,        1.000000,       53.000000
       -2.503630,        0.098000,        1.000000,       53.000000
       -1.914927,        0.092300,        1.000000,       53.000000
       -1.120179,        0.095424,        1.000000,       53.000000
       -0.012354,        0.102047,        1.000000,       53.000000
        1.265630,        0.097272,        1.000000,       53.000000
        2.269146,        0.127699,        1.000000,       53.000000
        2.882581,        0.246416,        1.000000,       53.000000
        3.180995,        0.362367,        1.000000,       53.000000
        3.053553,        0.364100,        1.000000,       53.000000
       -7.232614,        0.600304,        1.000000,       53.000000
       -7.364242,        0.602814,        1.000000,       53.000000
       -7.313114,        0.488209,        1.000000,       53.000000
       -7.113528,        0.339862,        1.000000,       53.000000
       -6.757684,        0.183813,        1.000000,       53.000000
       -6.202362,        0.092046,        1.000000,       53.000000
       -5.742971,        0.098140,        1.000000,       53.000000
       -5.310333,        0.093986,        1.000000,       53.000000
       -5.544546,        0.089631,        1.000000,       53.000000
       -5.713684,        0.094848,        1.000000,       53.000000
       -5.749585,        0.089629,        1.000000,       53.000000
       -4.779918,        0.102047,        1.000000,       53.000000
       -3.692576,        0.092633,        1.000000,       53.000000
       -2.166224,        0.092296,        1.000000,       53.000000
       -0.898197,        0.095576,        1.000000,       53.000000
        0.239783,        0.092393,        1.000000,       53.000000
        0.621998,        0.091816,        1.000000,       53.000000
        0.913949,        0.095943,        1.000000,       53.000000
        1.151822,        0.093428,        1.000000,       53.000000
        1.088845,        0.097635,        1.000000,       53.000000
        0.663471,        0.091280,        1.000000,       53.000000
        0.606097,        0.087533,        1.000000,       53.000000
        0.319092,        0.091346,        1.000000,       53.000000
       -0.172405,        0.088688,        1.000000,       53.000000
       -0.462973,        0.092005,        1.000000,       53.000000
       -0.533996,        0.095543,        1.000000,       53.000000
       -1.250232,        0.086769,        1.000000,       53.000000
       -2.348436,        0.087822,        1.000000,       53.000000
       -3.304344,        0.087370,        1.000000,       53.000000
       -3.937036,        0.089431,        1.000000,       53.000000
       -5.003624,        0.096283,        1.000000,       53.000000
       -6.032065,        0.093812,        1.000000,       53.000000
       -6.817179,        0.134545,        1.000000,       53.000000
       -7.621760,        0.304405,        1.000000,       53.000000
       -0.182218,        0.273073,        2.000000,       53.000000
       -0.218744,        0.185487,        2.000000,       53.000000
       -0.254640,        0.115571,        2.000000,       53.000000
       -0.293247,        0.073267,        2.000000,       53.000000
       -0.316427,        0.056371,        2.000000,       53.000000
       -0.276020,        0.058463,        2.000000,       53.000000
       -0.313713,        0.067035,        2.000000,       53.000000
       -0.360681,        0.068439,        2.000000,       53.000000
       -0.338139,        0.065137,        2.000000,       53.000000
       -0.234765,        0.064099,        2.000000,       53.000000
       -0.105609,        0.065470,        2.000000,       53.000000
        0.030999,        0.065206,        2.000000,       53.000000
        0.176460,        0.067965,        2.000000,       53.000000
        0.340377,        0.079549,        2.000000,       53.000000
        0.510785,        0.102726,        2.000000,       53.000000
        0.651899,        0.136641,        2.000000,       53.000000
        0.754193,        0.174961,        2.000000,       53.000000
        0.821183,        0.206711,        2.000000,       53.000000
        0.840577,        0.205833,        2.000000,       53.000000
        2.142695,        0.328202,        2.000000,       53.000000
        2.160663,        0.331060,        2.000000,       53.000000
        2.144585,        0.300091,        2.000000,       53.000000
        2.103497,        0.255565,        2.000000,       53.000000
        2.035820,        0.202277,        2.000000,       53.000000
        1.939729,        0.147205,        2.000000,       53.000000
        1.824529,        0.098379,        2.000000,       53.000000
        1.651424,        0.065908,        2.000000,       53.000000
        1.454435,        0.054019,        2.000000,       53.000000
        1.301810,        0.059673,        2.000000,       53.000000
        1.352587,        0.068744,        2.000000,       53.000000
        1.479130,        0.069886,        2.000000,       53.000000
        1.588238,        0.067005,        2.000000,       53.000000
        1.615793,        0.064820,        2.000000,       53.000000
        1.445609,        0.064809,        2.000000,       53.000000
        1.153880,        0.064805,        2.000000,       53.000000
        0.925997,        0.066099,        2.000000,       53.000000
        0.836055,        0.072029,        2.000000,       53.000000
        0.742793,        0.081601,        2.000000,       53.000000
        0.602877,        0.086757,        2.000000,       53.000000
        0.444608,        0.082363,        2.000000,       53.000000
        0.314496,        0.069512,        2.000000,       53.000000
        0.214777,        0.057498,        2.000000,       53.000000
        0.064201,        0.057528,        2.000000,       53.000000
        0.051058,        0.064243,        2.000000,       53.000000
        0.085375,        0.065020,        2.000000,       53.000000
        0.079155,        0.062697,        2.000000,       53.000000
        0.065262,        0.061402,        2.000000,       53.000000
        0.042244,        0.061871,        2.000000,       53.000000
        0.217428,        0.064794,        2.000000,       53.000000
        0.632280,        0.074141,        2.000000,       53.000000
        1.050940,        0.098994,        2.000000,       53.000000
        1.492522,        0.147243,        2.000000,       53.000000
        1.929576,        0.219375,        2.000000,       53.000000
        0.408858,        0.164547,        3.000000,       53.000000
        0.346461,        0.098228,        3.000000,       53.000000
        0.285310,        0.070182,        3.000000,       53.000000
        0.205166,        0.076762,        3.000000,       53.000000
        0.111282,        0.083137,        3.000000,       53.000000
        0.031453,        0.081114,        3.000000,       53.000000
        0.003962,        0.074628,        3.000000,       53.000000
       -0.043859,        0.067903,        3.000000,       53.000000
       -0.126059,        0.063236,        3.000000,       53.000000
       -0.132844,        0.063873,        3.000000,       53.000000
       -0.045293,        0.066242,        3.000000,       53.000000
        0.087325,        0.065436,        3.000000,       53.000000
        0.238414,        0.065554,        3.000000,       53.000000
        0.352352,        0.075170,        3.000000,       53.000000
        0.422364,        0.099929,        3.000000,       53.000000
        0.461562,        0.137393,        3.000000,       53.000000
        0.479040,        0.177844,        3.000000,       53.000000
        0.475731,        0.210410,        3.000000,       53.000000
        0.445636,        0.209397,        3.000000,       53.000000
       -1.770607,        0.236441,        3.000000,       53.000000
       -1.800954,        0.237855,        3.000000,       53.000000
       -1.818515,        0.203817,        3.000000,       53.000000
       -1.827185,        0.158432,        3.000000,       53.000000
       -1.820703,        0.109692,        3.000000,       53.000000
       -1.817618,        0.073781,        3.000000,       53.000000
       -1.723709,        0.068865,        3.000000,       53.000000
       -1.488672,        0.078566,        3.000000,       53.000000
       -1.129577,        0.084679,        3.000000,       53.000000
       -0.736415,        0.081607,        3.000000,       53.000000
       -0.305502,        0.075531,        3.000000,       53.000000
        0.016054,        0.068490,        3.000000,       53.000000
        0.133745,        0.064342,        3.000000,       53.000000
        0.073221,        0.063841,        3.000000,       53.000000
       -0.063418,        0.064544,        3.000000,       53.000000
       -0.080672,        0.064502,        3.000000,       53.000000
        0.053350,        0.064070,        3.000000,       53.000000
        0.188301,        0.066983,        3.000000,       53.000000
        0.234412,        0.071820,        3.000000,       53.000000
        0.192975,        0.070105,        3.000000,       53.000000
        0.042609,        0.064768,        3.000000,       53.000000
       -0.050715,        0.067355,        3.000000,       53.000000
       -0.024319,        0.073726,        3.000000,       53.000000
       -0.010512,        0.075301,        3.000000,       53.000000
       -0.081048,        0.070702,        3.000000,       53.000000
       -0.203860,        0.064665,        3.000000,       53.000000
       -0.387066,        0.062062,        3.000000,       53.000000
       -0.538527,        0.062457,        3.000000,       53.000000
       -0.656684,        0.062748,        3.000000,       53.000000
       -0.808864,        0.063126,        3.000000,       53.000000
       -0.768636,        0.070931,        3.000000,       53.000000
       -0.633006,        0.099876,        3.000000,       53.000000
       -0.493512,        0.155541,        3.000000,       53.000000
       -0.351685,        0.233518,        3.000000,       53.000000
       -0.228836,        0.197397,        4.000000,       53.000000
       -0.167738,        0.128492,        4.000000,       53.000000
       -0.107004,        0.087633,        4.000000,       53.000000
       -0.037124,        0.074221,        4.000000,       53.000000
        0.042051,        0.071864,        4.000000,       53.000000
        0.116430,        0.072283,        4.000000,       53.000000
        0.166617,        0.073830,        4.000000,       53.000000
        0.176194,        0.074092,        4.000000,       53.000000
        0.158987,        0.072452,        4.000000,       53.000000
        0.154388,        0.072734,        4.000000,       53.000000
        0.154887,        0.074116,        4.000000,       53.000000
        0.147305,        0.073422,        4.000000,       53.000000
        0.139496,        0.074800,        4.000000,       53.000000
        0.145609,        0.082855,        4.000000,       53.000000
        0.131817,        0.100378,        4.000000,       53.000000
        0.114487,        0.130320,        4.000000,       53.000000
        0.103874,        0.167432,        4.000000,       53.000000
        0.097575,        0.199018,        4.000000,       53.000000
        0.097457,        0.198243,        4.000000,       53.000000
        0.110960,        0.261339,        4.000000,       53.000000
        0.110839,        0.263140,        4.000000,       53.000000
        0.104542,        0.230760,        4.000000,       53.000000
        0.093400,        0.187081,        4.000000,       53.000000
        0.077141,        0.139179,        4.000000,       53.000000
        0.054714,        0.098654,        4.000000,       53.000000
        0.030614,        0.077009,        4.000000,       53.000000
        0.026839,        0.070381,        4.000000,       53.000000
        0.056676,        0.069628,        4.000000,       53.000000
        0.092748,        0.070740,        4.000000,       53.000000
        0.099809,        0.072802,        4.000000,       53.000000
        0.088468,        0.073154,        4.000000,       53.000000
        0.063016,        0.071943,        4.000000,       53.000000
        0.033579,        0.071527,        4.000000,       53.000000
        0.004393,        0.072485,        4.000000,       53.000000
       -0.013818,        0.072899,        4.000000,       53.000000
       -0.047501,        0.073766,        4.000000,       53.000000
       -0.081601,        0.077087,        4.000000,       53.000000
       -0.097613,        0.081341,        4.000000,       53.000000
       -0.097202,        0.082662,        4.000000,       53.000000
       -0.099394,        0.079670,        4.000000,       53.000000
       -0.112418,        0.075656,        4.000000,       53.000000
       -0.135934,        0.073411,        4.000000,       53.000000
       -0.177240,        0.073352,        4.000000,       53.000000
       -0.202391,        0.073936,        4.000000,       53.000000
       -0.209763,        0.073068,        4.000000,       53.000000
       -0.196696,        0.072060,        4.000000,       53.000000
       -0.166666,        0.072247,        4.000000,       53.000000
       -0.126447,        0.072718,        4.000000,       53.000000
       -0.073771,        0.073749,        4.000000,       53.000000
       -0.049654,        0.078748,        4.000000,       53.000000
       -0.027005,        0.095564,        4.000000,       53.000000
        0.010126,        0.137092,        4.000000,       53.000000
        0.044887,        0.206029,        4.000000,       53.000000
       -0.082135,        0.184583,        5.000000,       53.000000
       -0.074999,        0.116152,        5.000000,       53.000000
       -0.069143,        0.077349,        5.000000,       53.000000
       -0.059503,        0.068740,        5.000000,       53.000000
       -0.055678,        0.069387,        5.000000,       53.000000
       -0.043322,        0.070345,        5.000000,       53.000000
       -0.004098,        0.071368,        5.000000,       53.000000
        0.040747,        0.070684,        5.000000,       53.000000
        0.083252,        0.068796,        5.000000,       53.000000
        0.089318,        0.068717,        5.000000,       53.000000
        0.045822,        0.069754,        5.000000,       53.000000
       -0.007437,        0.068894,        5.000000,       53.000000
       -0.050330,        0.069143,        5.000000,       53.000000
       -0.041413,        0.074970,        5.000000,       53.000000
        0.009390,        0.089920,        5.000000,       53.000000
        0.048276,        0.118255,        5.000000,       53.000000
        0.070623,        0.155410,        5.000000,       53.000000
        0.080948,        0.187510,        5.000000,       53.000000
        0.074642,        0.186842,        5.000000,       53.000000
       -0.427875,        0.249465,        5.000000,       53.000000
       -0.434244,        0.251150,        5.000000,       53.000000
       -0.427791,        0.218389,        5.000000,       53.000000
       -0.411350,        0.174634,        5.000000,       53.000000
       -0.383762,        0.127364,        5.000000,       53.000000
       -0.344891,        0.089457,        5.000000,       53.000000
       -0.295607,        0.071983,        5.000000,       53.000000
       -0.247447,        0.067575,        5.000000,       53.000000
       -0.225959,        0.067858,        5.000000,       53.000000
       -0.210222,        0.068880,        5.000000,       53.000000
       -0.202876,        0.070654,        5.000000,       53.000000
       -0.196433,        0.070151,        5.000000,       53.000000
       -0.216999,        0.067532,        5.000000,       53.000000
       -0.249007,        0.066929,        5.000000,       53.000000
       -0.236760,        0.068091,        5.000000,       53.000000
       -0.179740,        0.067742,        5.000000,       53.000000
       -0.128939,        0.068312,        5.000000,       53.000000
       -0.097605,        0.071807,        5.000000,       53.000000
       -0.094520,        0.075705,        5.000000,       53.000000
       -0.102939,        0.077204,        5.000000,       53.000000
       -0.098314,        0.075112,        5.000000,       53.000000
       -0.069621,        0.072269,        5.000000,       53.000000
       -0.049480,        0.070741,        5.000000,       53.000000
       -0.067114,        0.070763,        5.000000,       53.000000
       -0.094586,        0.070909,        5.000000,       53.000000
       -0.125255,        0.069142,        5.000000,       53.000000
       -0.158986,        0.067091,        5.000000,       53.000000
       -0.204016,        0.067307,        5.000000,       53.000000
       -0.235610,        0.067666,        5.000000,       53.000000
       -0.271253,        0.068835,        5.000000,       53.000000
       -0.295398,        0.074130,        5.000000,       53.000000
       -0.281117,        0.089141,        5.000000,       53.000000
       -0.272806,        0.128839,        5.000000,       53.000000
       -0.260199,        0.196554,        5.000000,       53.000000
