      788.002700,        0.000000,        0.000000,        0.000000
     -199.353200,        0.000000,        0.000000,        0.000000
    -1676.758100,        0.000000,        0.000000,        0.000000
      -31.737100,        0.000000,        0.000000,        0.000000
     -932.468200,        0.000000,        0.000000,        0.000000
    -1675.639600,        0.000000,        0.000000,        0.000000
     -860.235900,        0.000000,        0.000000,        0.000000
     -138.386300,        0.000000,        0.000000,        0.000000
    -1668.392600,        0.000000,        0.000000,        0.000000
       -4.541000,        0.000000,        0.000000,        0.000000
      898.146200,        0.000000,        0.000000,        0.000000
    -1659.717000,        0.000000,        0.000000,        0.000000
       -0.011555,        0.007362,        0.000000,        0.000000
        0.022076,        0.007058,        0.000000,        0.000000
        0.048640,        0.003506,        0.000000,        0.000000
        1.554700,        0.000000,        0.000000,        0.000000
       -1.269000,        0.000000,        0.000000,        0.000000
       23.729500,        0.000000,        0.000000,        0.000000
       -4.807641,        0.233995,        1.000000,       48.000000
       -4.677770,        0.101435,        1.000000,       48.000000
       -4.561638,        0.072069,        1.000000,       48.000000
       -4.357978,        0.069723,        1.000000,       48.000000
       -4.176578,        0.069039,        1.000000,       48.000000
       -4.108560,        0.066414,        1.000000,       48.000000
       -4.208885,        0.068552,        1.000000,       48.000000
       -4.440852,        0.073568,        1.000000,       48.000000
       -4.573363,        0.070674,        1.000000,       48.000000
       -4.740211,        0.066952,        1.000000,       48.000000
       -4.691654,        0.068355,        1.000000,       48.000000
       -4.412032,        0.067941,        1.000000,       48.000000
       -3.771793,        0.067474,        1.000000,       48.000000
       -3.163710,        0.070557,        1.000000,       48.000000
       -2.628360,        0.070870,        1.000000,       48.000000
       -2.139330,        0.069459,        1.000000,       48.000000
       -1.541768,        0.077974,        1.000000,       48.000000
       -0.956549,        0.067460,        1.000000,       48.000000
       -0.662698,        0.068995,        1.000000,       48.000000
       -0.521516,        0.068687,        1.000000,       48.000000
       -0.471784,        0.066058,        1.000000,       48.000000
       -0.511638,        0.068501,        1.000000,       48.000000
       -0.640923,        0.071426,        1.000000,       48.000000
       -0.888042,        0.071635,        1.000000,       48.000000
       -1.232486,        0.067273,        1.000000,       48.000000
       -1.472394,        0.067879,        1.000000,       48.000000
       -1.610233,        0.067484,        1.000000,       48.000000
       -1.512565,        0.066675,        1.000000,       48.000000
       -1.690118,        0.069548,        1.000000,       48.000000
       -2.066718,        0.071235,        1.000000,       48.000000
       -2.697226,        0.068290,        1.000000,       48.000000
       -3.569181,        0.073560,        1.000000,       48.000000
       -4.491661,        0.067946,        1.000000,       48.000000
       -5.097472,        0.068766,        1.000000,       48.000000
       -5.577186,        0.069214,        1.000000,       48.000000
       -6.286323,        0.066747,        1.000000,       48.000000
       -7.463695,        0.069774,        1.000000,       48.000000
       -8.224226,        0.073017,        1.000000,       48.000000
       -8.343699,        0.072697,        1.000000,       48.000000
       -8.002669,        0.066904,        1.000000,       48.000000
       -7.311623,        0.068441,        1.000000,       48.000000
       -6.521982,        0.068988,        1.000000,       48.000000
       -5.921800,        0.067986,        1.000000,       48.000000
       -5.706069,        0.071165,        1.000000,       48.000000
       -5.884067,        0.074463,        1.000000,       48.000000
       -6.261521,        0.070016,        1.000000,       48.000000
       -6.692157,        0.103509,        1.000000,       48.000000
       -7.123999,        0.227290,        1.000000,       48.000000
        0.386575,        0.215442,        2.000000,       48.000000
        0.334624,        0.150489,        2.000000,       48.000000
        0.282709,        0.097277,        2.000000,       48.000000
        0.230722,        0.061963,        2.000000,       48.000000
        0.179180,        0.045839,        2.000000,       48.000000
        0.120348,        0.044814,        2.000000,       48.000000
        0.021305,        0.050396,        2.000000,       48.000000
       -0.097543,        0.053217,        2.000000,       48.000000
       -0.189098,        0.051220,        2.000000,       48.000000
       -0.225527,        0.049130,        2.000000,       48.000000
       -0.194466,        0.048330,        2.000000,       48.000000
       -0.171602,        0.048420,        2.000000,       48.000000
       -0.191630,        0.049062,        2.000000,       48.000000
       -0.204730,        0.051943,        2.000000,       48.000000
       -0.180509,        0.058552,        2.000000,       48.000000
       -0.103076,        0.066019,        2.000000,       48.000000
       -0.010800,        0.070356,        2.000000,       48.000000
        0.068936,        0.068110,        2.000000,       48.000000
        0.103715,        0.059746,        2.000000,       48.000000
        0.071929,        0.050480,        2.000000,       48.000000
        0.000845,        0.045177,        2.000000,       48.000000
       -0.063474,        0.047078,        2.000000,       48.000000
       -0.107482,        0.050474,        2.000000,       48.000000
       -0.142528,        0.050073,        2.000000,       48.000000
       -0.144469,        0.048931,        2.000000,       48.000000
       -0.103613,        0.047716,        2.000000,       48.000000
       -0.078687,        0.047802,        2.000000,       48.000000
       -0.133843,        0.048461,        2.000000,       48.000000
       -0.221213,        0.050835,        2.000000,       48.000000
       -0.281933,        0.057001,        2.000000,       48.000000
       -0.295420,        0.064510,        2.000000,       48.000000
       -0.283231,        0.069339,        2.000000,       48.000000
       -0.245834,        0.068160,        2.000000,       48.000000
       -0.184257,        0.060178,        2.000000,       48.000000
       -0.104842,        0.050337,        2.000000,       48.000000
       -0.027175,        0.045510,        2.000000,       48.000000
        0.073785,        0.048260,        2.000000,       48.000000
        0.211946,        0.052092,        2.000000,       48.000000
        0.342981,        0.051164,        2.000000,       48.000000
        0.425582,        0.049465,        2.000000,       48.000000
        0.471262,        0.048589,        2.000000,       48.000000
        0.475461,        0.048561,        2.000000,       48.000000
        0.441343,        0.049293,        2.000000,       48.000000
        0.390379,        0.052300,        2.000000,       48.000000
        0.358272,        0.060840,        2.000000,       48.000000
        0.318549,        0.079485,        2.000000,       48.000000
        0.272160,        0.114101,        2.000000,       48.000000
        0.226111,        0.165430,        2.000000,       48.000000
        0.365673,        0.123218,        3.000000,       48.000000
        0.199654,        0.075575,        3.000000,       48.000000
        0.033941,        0.053169,        3.000000,       48.000000
       -0.129628,        0.055970,        3.000000,       48.000000
       -0.244122,        0.061601,        3.000000,       48.000000
       -0.257328,        0.062866,        3.000000,       48.000000
       -0.195556,        0.058584,        3.000000,       48.000000
       -0.107461,        0.053326,        3.000000,       48.000000
       -0.062526,        0.049134,        3.000000,       48.000000
       -0.075744,        0.047449,        3.000000,       48.000000
       -0.105606,        0.047738,        3.000000,       48.000000
       -0.128821,        0.047981,        3.000000,       48.000000
       -0.170922,        0.047866,        3.000000,       48.000000
       -0.214694,        0.049579,        3.000000,       48.000000
       -0.197385,        0.053644,        3.000000,       48.000000
       -0.085002,        0.056243,        3.000000,       48.000000
        0.076954,        0.053216,        3.000000,       48.000000
        0.214039,        0.047499,        3.000000,       48.000000
        0.262988,        0.048713,        3.000000,       48.000000
        0.262194,        0.055377,        3.000000,       48.000000
        0.249431,        0.059611,        3.000000,       48.000000
        0.216570,        0.058349,        3.000000,       48.000000
        0.147239,        0.054200,        3.000000,       48.000000
        0.041180,        0.049915,        3.000000,       48.000000
       -0.074314,        0.047631,        3.000000,       48.000000
       -0.207534,        0.047237,        3.000000,       48.000000
       -0.351510,        0.046953,        3.000000,       48.000000
       -0.431453,        0.047010,        3.000000,       48.000000
       -0.401167,        0.048169,        3.000000,       48.000000
       -0.304178,        0.051847,        3.000000,       48.000000
       -0.211799,        0.054938,        3.000000,       48.000000
       -0.147730,        0.053146,        3.000000,       48.000000
       -0.113446,        0.049475,        3.000000,       48.000000
       -0.072972,        0.051293,        3.000000,       48.000000
       -0.001166,        0.056540,        3.000000,       48.000000
        0.056223,        0.059454,        3.000000,       48.000000
        0.074325,        0.057740,        3.000000,       48.000000
        0.035835,        0.054785,        3.000000,       48.000000
       -0.009968,        0.050593,        3.000000,       48.000000
       -0.063188,        0.048094,        3.000000,       48.000000
       -0.121225,        0.048141,        3.000000,       48.000000
       -0.164556,        0.048495,        3.000000,       48.000000
       -0.177886,        0.048470,        3.000000,       48.000000
       -0.156677,        0.049702,        3.000000,       48.000000
       -0.116076,        0.058134,        3.000000,       48.000000
       -0.064500,        0.081415,        3.000000,       48.000000
       -0.013496,        0.122956,        3.000000,       48.000000
        0.037607,        0.179690,        3.000000,       48.000000
        0.472410,        0.147046,        4.000000,       48.000000
        0.421604,        0.098128,        4.000000,       48.000000
        0.371341,        0.068721,        4.000000,       48.000000
        0.331421,        0.058016,        4.000000,       48.000000
        0.320252,        0.055661,        4.000000,       48.000000
        0.317514,        0.055898,        4.000000,       48.000000
        0.302872,        0.056547,        4.000000,       48.000000
        0.272759,        0.056722,        4.000000,       48.000000
        0.235133,        0.055193,        4.000000,       48.000000
        0.201343,        0.053946,        4.000000,       48.000000
        0.176656,        0.053976,        4.000000,       48.000000
        0.169649,        0.054081,        4.000000,       48.000000
        0.180559,        0.054372,        4.000000,       48.000000
        0.203523,        0.056702,        4.000000,       48.000000
        0.236707,        0.060625,        4.000000,       48.000000
        0.278536,        0.063723,        4.000000,       48.000000
        0.314982,        0.064643,        4.000000,       48.000000
        0.332174,        0.062119,        4.000000,       48.000000
        0.333555,        0.059251,        4.000000,       48.000000
        0.316469,        0.057998,        4.000000,       48.000000
        0.315877,        0.057188,        4.000000,       48.000000
        0.325618,        0.056714,        4.000000,       48.000000
        0.338322,        0.056282,        4.000000,       48.000000
        0.351610,        0.055048,        4.000000,       48.000000
        0.342947,        0.054052,        4.000000,       48.000000
        0.328272,        0.053637,        4.000000,       48.000000
        0.321504,        0.053903,        4.000000,       48.000000
        0.305406,        0.054340,        4.000000,       48.000000
        0.267411,        0.055800,        4.000000,       48.000000
        0.195180,        0.059242,        4.000000,       48.000000
        0.119310,        0.062673,        4.000000,       48.000000
        0.068705,        0.064408,        4.000000,       48.000000
        0.051092,        0.063290,        4.000000,       48.000000
        0.069221,        0.060993,        4.000000,       48.000000
        0.113846,        0.059152,        4.000000,       48.000000
        0.154185,        0.057964,        4.000000,       48.000000
        0.177462,        0.057496,        4.000000,       48.000000
        0.186553,        0.057613,        4.000000,       48.000000
        0.178002,        0.056249,        4.000000,       48.000000
        0.141777,        0.055078,        4.000000,       48.000000
        0.095171,        0.054952,        4.000000,       48.000000
        0.091330,        0.055268,        4.000000,       48.000000
        0.117126,        0.055673,        4.000000,       48.000000
        0.133515,        0.057346,        4.000000,       48.000000
        0.134326,        0.062600,        4.000000,       48.000000
        0.123798,        0.075757,        4.000000,       48.000000
        0.106946,        0.106291,        4.000000,       48.000000
        0.089410,        0.155739,        4.000000,       48.000000
       -0.185783,        0.137255,        5.000000,       48.000000
       -0.137896,        0.088496,        5.000000,       48.000000
       -0.089517,        0.060421,        5.000000,       48.000000
       -0.073433,        0.053236,        5.000000,       48.000000
       -0.099523,        0.053783,        5.000000,       48.000000
       -0.130489,        0.054829,        5.000000,       48.000000
       -0.149341,        0.055029,        5.000000,       48.000000
       -0.145511,        0.054150,        5.000000,       48.000000
       -0.109816,        0.052036,        5.000000,       48.000000
       -0.048696,        0.050796,        5.000000,       48.000000
       -0.014910,        0.050625,        5.000000,       48.000000
       -0.020808,        0.050662,        5.000000,       48.000000
       -0.041942,        0.050557,        5.000000,       48.000000
       -0.075802,        0.051728,        5.000000,       48.000000
       -0.133325,        0.054759,        5.000000,       48.000000
       -0.196036,        0.057351,        5.000000,       48.000000
       -0.254464,        0.058165,        5.000000,       48.000000
       -0.293080,        0.056285,        5.000000,       48.000000
       -0.286673,        0.054721,        5.000000,       48.000000
       -0.234835,        0.054541,        5.000000,       48.000000
       -0.174251,        0.054410,        5.000000,       48.000000
       -0.123497,        0.054050,        5.000000,       48.000000
       -0.093026,        0.053619,        5.000000,       48.000000
       -0.057669,        0.051674,        5.000000,       48.000000
       -0.026659,        0.050051,        5.000000,       48.000000
       -0.017652,        0.049856,        5.000000,       48.000000
       -0.029258,        0.049982,        5.000000,       48.000000
       -0.046438,        0.049893,        5.000000,       48.000000
       -0.054700,        0.051412,        5.000000,       48.000000
       -0.088520,        0.054617,        5.000000,       48.000000
       -0.148912,        0.057420,        5.000000,       48.000000
       -0.211140,        0.058856,        5.000000,       48.000000
       -0.278635,        0.057976,        5.000000,       48.000000
       -0.350653,        0.056585,        5.000000,       48.000000
       -0.401484,        0.055415,        5.000000,       48.000000
       -0.399169,        0.054641,        5.000000,       48.000000
       -0.351741,        0.054289,        5.000000,       48.000000
       -0.272695,        0.054533,        5.000000,       48.000000
       -0.171543,        0.052706,        5.000000,       48.000000
       -0.078286,        0.050888,        5.000000,       48.000000
       -0.031839,        0.050741,        5.000000,       48.000000
       -0.035699,        0.050861,        5.000000,       48.000000
       -0.071609,        0.050732,        5.000000,       48.000000
       -0.107488,        0.052474,        5.000000,       48.000000
       -0.105258,        0.057324,        5.000000,       48.000000
       -0.084764,        0.068986,        5.000000,       48.000000
       -0.052518,        0.098074,        5.000000,       48.000000
       -0.020457,        0.146524,        5.000000,       48.000000
