      788.002700,        0.000000,        0.000000,        0.000000
     -199.353200,        0.000000,        0.000000,        0.000000
    -1676.758100,        0.000000,        0.000000,        0.000000
      -31.737100,        0.000000,        0.000000,        0.000000
     -932.468200,        0.000000,        0.000000,        0.000000
    -1675.639600,        0.000000,        0.000000,        0.000000
     -860.235900,        0.000000,        0.000000,        0.000000
     -138.386300,        0.000000,        0.000000,        0.000000
    -1668.392600,        0.000000,        0.000000,        0.000000
       -4.541000,        0.000000,        0.000000,        0.000000
      898.146200,        0.000000,        0.000000,        0.000000
    -1659.717000,        0.000000,        0.000000,        0.000000
        0.165015,        0.010811,        0.000000,        0.000000
       -0.032503,        0.010163,        0.000000,        0.000000
        0.145054,        0.005337,        0.000000,        0.000000
        1.550928,        0.003739,        0.000000,        0.000000
       -1.272575,        0.004758,        0.000000,        0.000000
       23.729500,        0.000000,        0.000000,        0.000000
       -2.870197,        0.233949,        1.000000,       71.000000
       -3.392423,        0.170278,        1.000000,       71.000000
       -3.914113,        0.128766,        1.000000,       71.000000
       -4.429498,        0.109456,        1.000000,       71.000000
       -4.917102,        0.103633,        1.000000,       71.000000
       -5.376242,        0.101722,        1.000000,       71.000000
       -5.800840,        0.099842,        1.000000,       71.000000
       -6.189945,        0.096698,        1.000000,       71.000000
       -6.527772,        0.093200,        1.000000,       71.000000
       -6.789545,        0.090266,        1.000000,       71.000000
       -6.943251,        0.089021,        1.000000,       71.000000
       -6.945220,        0.089071,        1.000000,       71.000000
       -6.795765,        0.089392,        1.000000,       71.000000
       -6.544963,        0.091022,        1.000000,       71.000000
       -6.285220,        0.094136,        1.000000,       71.000000
       -6.088868,        0.097467,        1.000000,       71.000000
       -6.001712,        0.099817,        1.000000,       71.000000
       -6.025893,        0.100293,        1.000000,       71.000000
       -6.128238,        0.099068,        1.000000,       71.000000
       -6.273135,        0.097922,        1.000000,       71.000000
       -6.429515,        0.096971,        1.000000,       71.000000
       -6.564333,        0.096079,        1.000000,       71.000000
       -6.664300,        0.094757,        1.000000,       71.000000
       -6.715677,        0.092698,        1.000000,       71.000000
       -6.680986,        0.090448,        1.000000,       71.000000
       -6.508930,        0.089331,        1.000000,       71.000000
       -6.149352,        0.089344,        1.000000,       71.000000
       -5.624320,        0.089469,        1.000000,       71.000000
       -5.004776,        0.091116,        1.000000,       71.000000
       -4.418391,        0.097607,        1.000000,       71.000000
       -3.924351,        0.111780,        1.000000,       71.000000
       -3.541707,        0.134544,        1.000000,       71.000000
       -3.267150,        0.162406,        1.000000,       71.000000
       -3.092886,        0.186574,        1.000000,       71.000000
       -3.049413,        0.185330,        1.000000,       71.000000
       -1.047805,        0.239904,        1.000000,       71.000000
       -1.007610,        0.242314,        1.000000,       71.000000
       -0.976757,        0.217446,        1.000000,       71.000000
       -0.949807,        0.183901,        1.000000,       71.000000
       -0.926010,        0.148078,        1.000000,       71.000000
       -0.903067,        0.119810,        1.000000,       71.000000
       -0.891199,        0.103667,        1.000000,       71.000000
       -0.923324,        0.096885,        1.000000,       71.000000
       -1.007704,        0.094763,        1.000000,       71.000000
       -1.123478,        0.093549,        1.000000,       71.000000
       -1.239510,        0.091535,        1.000000,       71.000000
       -1.328004,        0.089182,        1.000000,       71.000000
       -1.347964,        0.087441,        1.000000,       71.000000
       -1.293635,        0.086944,        1.000000,       71.000000
       -1.199746,        0.087418,        1.000000,       71.000000
       -1.106250,        0.088805,        1.000000,       71.000000
       -1.048757,        0.091576,        1.000000,       71.000000
       -1.003300,        0.095336,        1.000000,       71.000000
       -1.012857,        0.098605,        1.000000,       71.000000
       -1.075508,        0.100729,        1.000000,       71.000000
       -1.178332,        0.100909,        1.000000,       71.000000
       -1.288534,        0.100262,        1.000000,       71.000000
       -1.348927,        0.099250,        1.000000,       71.000000
       -1.337409,        0.098053,        1.000000,       71.000000
       -1.219030,        0.096575,        1.000000,       71.000000
       -0.982797,        0.094219,        1.000000,       71.000000
       -0.652650,        0.091485,        1.000000,       71.000000
       -0.261744,        0.089451,        1.000000,       71.000000
        0.149877,        0.089075,        1.000000,       71.000000
        0.529334,        0.089555,        1.000000,       71.000000
        0.823689,        0.090320,        1.000000,       71.000000
        1.024070,        0.093635,        1.000000,       71.000000
        1.156292,        0.103722,        1.000000,       71.000000
        1.252960,        0.127482,        1.000000,       71.000000
        1.342127,        0.172250,        1.000000,       71.000000
        1.431774,        0.237233,        1.000000,       71.000000
       -0.583062,        0.229795,        2.000000,       71.000000
       -0.557383,        0.195978,        2.000000,       71.000000
       -0.531705,        0.165587,        2.000000,       71.000000
       -0.506021,        0.139218,        2.000000,       71.000000
       -0.480335,        0.117507,        2.000000,       71.000000
       -0.454539,        0.100833,        2.000000,       71.000000
       -0.427264,        0.089104,        2.000000,       71.000000
       -0.395695,        0.081521,        2.000000,       71.000000
       -0.359459,        0.076988,        2.000000,       71.000000
       -0.319468,        0.074650,        2.000000,       71.000000
       -0.276059,        0.073925,        2.000000,       71.000000
       -0.229527,        0.074464,        2.000000,       71.000000
       -0.187684,        0.076018,        2.000000,       71.000000
       -0.155733,        0.078406,        2.000000,       71.000000
       -0.130779,        0.081311,        2.000000,       71.000000
       -0.110014,        0.084144,        2.000000,       71.000000
       -0.091133,        0.086249,        2.000000,       71.000000
       -0.071815,        0.087195,        2.000000,       71.000000
       -0.049665,        0.086807,        2.000000,       71.000000
       -0.022702,        0.085234,        2.000000,       71.000000
        0.011110,        0.082906,        2.000000,       71.000000
        0.053786,        0.080330,        2.000000,       71.000000
        0.106771,        0.077817,        2.000000,       71.000000
        0.169524,        0.075508,        2.000000,       71.000000
        0.240592,        0.073794,        2.000000,       71.000000
        0.318581,        0.073309,        2.000000,       71.000000
        0.400735,        0.074650,        2.000000,       71.000000
        0.478728,        0.078249,        2.000000,       71.000000
        0.542181,        0.084353,        2.000000,       71.000000
        0.587224,        0.092755,        2.000000,       71.000000
        0.617630,        0.102666,        2.000000,       71.000000
        0.638741,        0.112746,        2.000000,       71.000000
        0.651224,        0.121357,        2.000000,       71.000000
        0.655858,        0.127206,        2.000000,       71.000000
        0.650396,        0.125885,        2.000000,       71.000000
        0.330968,        0.162058,        2.000000,       71.000000
        0.325387,        0.164197,        2.000000,       71.000000
        0.324827,        0.158873,        2.000000,       71.000000
        0.328342,        0.149988,        2.000000,       71.000000
        0.336470,        0.138381,        2.000000,       71.000000
        0.349343,        0.125354,        2.000000,       71.000000
        0.367222,        0.112076,        2.000000,       71.000000
        0.390240,        0.099767,        2.000000,       71.000000
        0.419675,        0.089435,        2.000000,       71.000000
        0.453715,        0.081613,        2.000000,       71.000000
        0.491076,        0.076180,        2.000000,       71.000000
        0.532826,        0.072777,        2.000000,       71.000000
        0.578690,        0.071180,        2.000000,       71.000000
        0.622854,        0.071087,        2.000000,       71.000000
        0.657026,        0.072293,        2.000000,       71.000000
        0.674278,        0.074552,        2.000000,       71.000000
        0.668891,        0.077561,        2.000000,       71.000000
        0.635051,        0.080887,        2.000000,       71.000000
        0.573905,        0.083855,        2.000000,       71.000000
        0.491225,        0.085895,        2.000000,       71.000000
        0.393516,        0.086690,        2.000000,       71.000000
        0.288390,        0.086195,        2.000000,       71.000000
        0.183548,        0.084691,        2.000000,       71.000000
        0.084528,        0.082599,        2.000000,       71.000000
       -0.004536,        0.080278,        2.000000,       71.000000
       -0.083478,        0.077858,        2.000000,       71.000000
       -0.155764,        0.075506,        2.000000,       71.000000
       -0.223506,        0.073816,        2.000000,       71.000000
       -0.290701,        0.073608,        2.000000,       71.000000
       -0.359192,        0.076019,        2.000000,       71.000000
       -0.431076,        0.082355,        2.000000,       71.000000
       -0.504774,        0.093786,        2.000000,       71.000000
       -0.579480,        0.110789,        2.000000,       71.000000
       -0.656306,        0.133011,        2.000000,       71.000000
       -0.733252,        0.159819,        2.000000,       71.000000
       -0.810203,        0.190570,        2.000000,       71.000000
       -0.356000,        0.167684,        3.000000,       71.000000
       -0.317543,        0.143487,        3.000000,       71.000000
       -0.279188,        0.124197,        3.000000,       71.000000
       -0.239153,        0.109815,        3.000000,       71.000000
       -0.198813,        0.099434,        3.000000,       71.000000
       -0.159601,        0.091871,        3.000000,       71.000000
       -0.122517,        0.086014,        3.000000,       71.000000
       -0.089012,        0.081265,        3.000000,       71.000000
       -0.058490,        0.077463,        3.000000,       71.000000
       -0.029753,        0.074632,        3.000000,       71.000000
       -0.004853,        0.072823,        3.000000,       71.000000
        0.017038,        0.072021,        3.000000,       71.000000
        0.036734,        0.072101,        3.000000,       71.000000
        0.057584,        0.073001,        3.000000,       71.000000
        0.080994,        0.074547,        3.000000,       71.000000
        0.110587,        0.076359,        3.000000,       71.000000
        0.145459,        0.077911,        3.000000,       71.000000
        0.186158,        0.078965,        3.000000,       71.000000
        0.232202,        0.079619,        3.000000,       71.000000
        0.282536,        0.079984,        3.000000,       71.000000
        0.335842,        0.079851,        3.000000,       71.000000
        0.390984,        0.078959,        3.000000,       71.000000
        0.447485,        0.077332,        3.000000,       71.000000
        0.503174,        0.075348,        3.000000,       71.000000
        0.554694,        0.073650,        3.000000,       71.000000
        0.600336,        0.072904,        3.000000,       71.000000
        0.640316,        0.073775,        3.000000,       71.000000
        0.679215,        0.076819,        3.000000,       71.000000
        0.715265,        0.082391,        3.000000,       71.000000
        0.748596,        0.090429,        3.000000,       71.000000
        0.775309,        0.100194,        3.000000,       71.000000
        0.793579,        0.110291,        3.000000,       71.000000
        0.802402,        0.118948,        3.000000,       71.000000
        0.802502,        0.124809,        3.000000,       71.000000
        0.790952,        0.123394,        3.000000,       71.000000
        0.160201,        0.133590,        3.000000,       71.000000
        0.148189,        0.135254,        3.000000,       71.000000
        0.128111,        0.129997,        3.000000,       71.000000
        0.102162,        0.122069,        3.000000,       71.000000
        0.069829,        0.112735,        3.000000,       71.000000
        0.031290,        0.103662,        3.000000,       71.000000
       -0.011539,        0.095800,        3.000000,       71.000000
       -0.058162,        0.089281,        3.000000,       71.000000
       -0.107440,        0.083836,        3.000000,       71.000000
       -0.159373,        0.079138,        3.000000,       71.000000
       -0.213800,        0.075130,        3.000000,       71.000000
       -0.270452,        0.071997,        3.000000,       71.000000
       -0.326824,        0.069872,        3.000000,       71.000000
       -0.378845,        0.068903,        3.000000,       71.000000
       -0.418323,        0.069125,        3.000000,       71.000000
       -0.437678,        0.070494,        3.000000,       71.000000
       -0.430662,        0.072759,        3.000000,       71.000000
       -0.397558,        0.075540,        3.000000,       71.000000
       -0.344760,        0.078344,        3.000000,       71.000000
       -0.276854,        0.080705,        3.000000,       71.000000
       -0.201117,        0.082498,        3.000000,       71.000000
       -0.122681,        0.083765,        3.000000,       71.000000
       -0.043094,        0.084327,        3.000000,       71.000000
        0.037533,        0.083912,        3.000000,       71.000000
        0.120756,        0.082366,        3.000000,       71.000000
        0.207946,        0.079899,        3.000000,       71.000000
        0.300295,        0.077041,        3.000000,       71.000000
        0.399046,        0.074544,        3.000000,       71.000000
        0.506929,        0.073412,        3.000000,       71.000000
        0.624736,        0.074826,        3.000000,       71.000000
        0.749495,        0.080273,        3.000000,       71.000000
        0.874519,        0.091121,        3.000000,       71.000000
        0.997035,        0.107920,        3.000000,       71.000000
        1.119950,        0.130366,        3.000000,       71.000000
        1.243498,        0.157609,        3.000000,       71.000000
        1.366959,        0.188834,        3.000000,       71.000000
       -0.883591,        0.147872,        4.000000,       71.000000
       -0.854496,        0.123864,        4.000000,       71.000000
       -0.825259,        0.104911,        4.000000,       71.000000
       -0.797267,        0.091176,        4.000000,       71.000000
       -0.770946,        0.081999,        4.000000,       71.000000
       -0.746986,        0.076152,        4.000000,       71.000000
       -0.726120,        0.072399,        4.000000,       71.000000
       -0.707931,        0.069763,        4.000000,       71.000000
       -0.691008,        0.067755,        4.000000,       71.000000
       -0.675237,        0.066272,        4.000000,       71.000000
       -0.660510,        0.065419,        4.000000,       71.000000
       -0.647665,        0.065213,        4.000000,       71.000000
       -0.635972,        0.065574,        4.000000,       71.000000
       -0.625613,        0.066530,        4.000000,       71.000000
       -0.618014,        0.067965,        4.000000,       71.000000
       -0.611566,        0.069537,        4.000000,       71.000000
       -0.604589,        0.070871,        4.000000,       71.000000
       -0.596378,        0.071702,        4.000000,       71.000000
       -0.588169,        0.071919,        4.000000,       71.000000
       -0.581182,        0.071648,        4.000000,       71.000000
       -0.575991,        0.070969,        4.000000,       71.000000
       -0.573349,        0.069944,        4.000000,       71.000000
       -0.574078,        0.068635,        4.000000,       71.000000
       -0.577523,        0.067147,        4.000000,       71.000000
       -0.584223,        0.065779,        4.000000,       71.000000
       -0.592266,        0.064925,        4.000000,       71.000000
       -0.598319,        0.064952,        4.000000,       71.000000
       -0.600700,        0.066238,        4.000000,       71.000000
       -0.598065,        0.069238,        4.000000,       71.000000
       -0.588035,        0.074324,        4.000000,       71.000000
       -0.574381,        0.081392,        4.000000,       71.000000
       -0.561002,        0.089619,        4.000000,       71.000000
       -0.548400,        0.097554,        4.000000,       71.000000
       -0.536614,        0.103512,        4.000000,       71.000000
       -0.525752,        0.102603,        4.000000,       71.000000
        0.043937,        0.125075,        4.000000,       71.000000
        0.054853,        0.126510,        4.000000,       71.000000
        0.069028,        0.120708,        4.000000,       71.000000
        0.085703,        0.112091,        4.000000,       71.000000
        0.105193,        0.101948,        4.000000,       71.000000
        0.127364,        0.092034,        4.000000,       71.000000
        0.152586,        0.083513,        4.000000,       71.000000
        0.181135,        0.076858,        4.000000,       71.000000
        0.210187,        0.071998,        4.000000,       71.000000
        0.237108,        0.068561,        4.000000,       71.000000
        0.260297,        0.066114,        4.000000,       71.000000
        0.278539,        0.064420,        4.000000,       71.000000
        0.291262,        0.063435,        4.000000,       71.000000
        0.300643,        0.063105,        4.000000,       71.000000
        0.310580,        0.063441,        4.000000,       71.000000
        0.321567,        0.064410,        4.000000,       71.000000
        0.331966,        0.065887,        4.000000,       71.000000
        0.341102,        0.067703,        4.000000,       71.000000
        0.346304,        0.069480,        4.000000,       71.000000
        0.344633,        0.070907,        4.000000,       71.000000
        0.335826,        0.071769,        4.000000,       71.000000
        0.319960,        0.072034,        4.000000,       71.000000
        0.295703,        0.071731,        4.000000,       71.000000
        0.263627,        0.070967,        4.000000,       71.000000
        0.225675,        0.069839,        4.000000,       71.000000
        0.185800,        0.068444,        4.000000,       71.000000
        0.145746,        0.066952,        4.000000,       71.000000
        0.106781,        0.065700,        4.000000,       71.000000
        0.073058,        0.065079,        4.000000,       71.000000
        0.044976,        0.065479,        4.000000,       71.000000
        0.020148,        0.067633,        4.000000,       71.000000
       -0.001135,        0.072772,        4.000000,       71.000000
       -0.020347,        0.082149,        4.000000,       71.000000
       -0.039545,        0.096623,        4.000000,       71.000000
       -0.058009,        0.116535,        4.000000,       71.000000
       -0.076391,        0.141423,        4.000000,       71.000000
        0.016567,        0.138323,        5.000000,       71.000000
        0.030990,        0.114622,        5.000000,       71.000000
        0.045472,        0.096195,        5.000000,       71.000000
        0.059479,        0.083303,        5.000000,       71.000000
        0.072274,        0.075199,        5.000000,       71.000000
        0.084118,        0.070428,        5.000000,       71.000000
        0.094662,        0.067559,        5.000000,       71.000000
        0.103902,        0.065508,        5.000000,       71.000000
        0.111708,        0.063803,        5.000000,       71.000000
        0.117358,        0.062362,        5.000000,       71.000000
        0.122123,        0.061341,        5.000000,       71.000000
        0.125163,        0.060850,        5.000000,       71.000000
        0.125953,        0.060885,        5.000000,       71.000000
        0.124937,        0.061489,        5.000000,       71.000000
        0.122216,        0.062603,        5.000000,       71.000000
        0.118263,        0.063994,        5.000000,       71.000000
        0.114665,        0.065283,        5.000000,       71.000000
        0.113524,        0.066192,        5.000000,       71.000000
        0.114298,        0.066597,        5.000000,       71.000000
        0.116110,        0.066520,        5.000000,       71.000000
        0.118309,        0.065965,        5.000000,       71.000000
        0.120335,        0.064983,        5.000000,       71.000000
        0.123411,        0.063678,        5.000000,       71.000000
        0.129463,        0.062181,        5.000000,       71.000000
        0.139642,        0.060763,        5.000000,       71.000000
        0.152852,        0.059830,        5.000000,       71.000000
        0.165792,        0.059718,        5.000000,       71.000000
        0.175360,        0.060738,        5.000000,       71.000000
        0.180846,        0.063462,        5.000000,       71.000000
        0.179862,        0.068361,        5.000000,       71.000000
        0.176813,        0.075319,        5.000000,       71.000000
        0.174158,        0.083565,        5.000000,       71.000000
        0.170924,        0.091633,        5.000000,       71.000000
        0.167062,        0.097761,        5.000000,       71.000000
        0.162194,        0.096887,        5.000000,       71.000000
       -0.091372,        0.117073,        5.000000,       71.000000
       -0.096402,        0.118414,        5.000000,       71.000000
       -0.107365,        0.112408,        5.000000,       71.000000
       -0.122838,        0.103653,        5.000000,       71.000000
       -0.143264,        0.093538,        5.000000,       71.000000
       -0.168723,        0.083960,        5.000000,       71.000000
       -0.198088,        0.076036,        5.000000,       71.000000
       -0.230597,        0.070126,        5.000000,       71.000000
       -0.264885,        0.066041,        5.000000,       71.000000
       -0.299554,        0.063240,        5.000000,       71.000000
       -0.332260,        0.061212,        5.000000,       71.000000
       -0.360363,        0.059713,        5.000000,       71.000000
       -0.381849,        0.058759,        5.000000,       71.000000
       -0.395593,        0.058417,        5.000000,       71.000000
       -0.403635,        0.058662,        5.000000,       71.000000
       -0.406764,        0.059483,        5.000000,       71.000000
       -0.405919,        0.060872,        5.000000,       71.000000
       -0.398547,        0.062619,        5.000000,       71.000000
       -0.381655,        0.064335,        5.000000,       71.000000
       -0.355889,        0.065710,        5.000000,       71.000000
       -0.322830,        0.066519,        5.000000,       71.000000
       -0.284681,        0.066797,        5.000000,       71.000000
       -0.242930,        0.066598,        5.000000,       71.000000
       -0.200823,        0.065952,        5.000000,       71.000000
       -0.162392,        0.064919,        5.000000,       71.000000
       -0.128900,        0.063587,        5.000000,       71.000000
       -0.100205,        0.062169,        5.000000,       71.000000
       -0.076355,        0.060969,        5.000000,       71.000000
       -0.056979,        0.060254,        5.000000,       71.000000
       -0.043179,        0.060315,        5.000000,       71.000000
       -0.033032,        0.061759,        5.000000,       71.000000
       -0.023531,        0.065743,        5.000000,       71.000000
       -0.014521,        0.073742,        5.000000,       71.000000
       -0.005434,        0.086908,        5.000000,       71.000000
        0.003218,        0.105729,        5.000000,       71.000000
        0.011947,        0.129758,        5.000000,       71.000000
