      788.002700,        0.000000,        0.000000,        0.000000
     -199.353200,        0.000000,        0.000000,        0.000000
    -1676.758100,        0.000000,        0.000000,        0.000000
      -31.737100,        0.000000,        0.000000,        0.000000
     -932.468200,        0.000000,        0.000000,        0.000000
    -1675.639600,        0.000000,        0.000000,        0.000000
     -860.235900,        0.000000,        0.000000,        0.000000
     -138.386300,        0.000000,        0.000000,        0.000000
    -1668.392600,        0.000000,        0.000000,        0.000000
       -4.541000,        0.000000,        0.000000,        0.000000
      898.146200,        0.000000,        0.000000,        0.000000
    -1659.717000,        0.000000,        0.000000,        0.000000
        0.014598,        0.009897,        0.000000,        0.000000
        0.006299,        0.009996,        0.000000,        0.000000
        0.015879,        0.004895,        0.000000,        0.000000
        1.554700,        0.000000,        0.000000,        0.000000
       -1.269000,        0.000000,        0.000000,        0.000000
       23.729500,        0.000000,        0.000000,        0.000000
       -0.331860,        0.166654,        1.000000,       53.000000
       -0.769372,        0.099747,        1.000000,       53.000000
       -1.208269,        0.070237,        1.000000,       53.000000
       -1.651444,        0.063985,        1.000000,       53.000000
       -2.119807,        0.062847,        1.000000,       53.000000
       -2.600408,        0.063693,        1.000000,       53.000000
       -3.021551,        0.065636,        1.000000,       53.000000
       -3.276183,        0.065393,        1.000000,       53.000000
       -3.297375,        0.062200,        1.000000,       53.000000
       -3.047328,        0.062027,        1.000000,       53.000000
       -2.538023,        0.063658,        1.000000,       53.000000
       -1.838988,        0.062672,        1.000000,       53.000000
       -0.964442,        0.064568,        1.000000,       53.000000
        0.034039,        0.070290,        1.000000,       53.000000
        1.052376,        0.079310,        1.000000,       53.000000
        1.849728,        0.103468,        1.000000,       53.000000
        2.345664,        0.142767,        1.000000,       53.000000
        2.581545,        0.178858,        1.000000,       53.000000
        2.470589,        0.178599,        1.000000,       53.000000
       -6.334289,        0.250129,        1.000000,       53.000000
       -6.449928,        0.251581,        1.000000,       53.000000
       -6.487881,        0.214364,        1.000000,       53.000000
       -6.460498,        0.165430,        1.000000,       53.000000
       -6.359676,        0.113790,        1.000000,       53.000000
       -6.177468,        0.076704,        1.000000,       53.000000
       -5.943717,        0.065651,        1.000000,       53.000000
       -5.721361,        0.063774,        1.000000,       53.000000
       -5.624350,        0.062685,        1.000000,       53.000000
       -5.476431,        0.063112,        1.000000,       53.000000
       -5.182387,        0.065026,        1.000000,       53.000000
       -4.476963,        0.064983,        1.000000,       53.000000
       -3.502693,        0.061833,        1.000000,       53.000000
       -2.247606,        0.060933,        1.000000,       53.000000
       -1.021746,        0.062028,        1.000000,       53.000000
       -0.002958,        0.061706,        1.000000,       53.000000
        0.639582,        0.062381,        1.000000,       53.000000
        0.989985,        0.066049,        1.000000,       53.000000
        1.117131,        0.069934,        1.000000,       53.000000
        1.038029,        0.071139,        1.000000,       53.000000
        0.805709,        0.068130,        1.000000,       53.000000
        0.565825,        0.064379,        1.000000,       53.000000
        0.276176,        0.062914,        1.000000,       53.000000
       -0.049319,        0.063605,        1.000000,       53.000000
       -0.363617,        0.065172,        1.000000,       53.000000
       -0.744111,        0.063831,        1.000000,       53.000000
       -1.387866,        0.061185,        1.000000,       53.000000
       -2.244881,        0.061011,        1.000000,       53.000000
       -3.151305,        0.061268,        1.000000,       53.000000
       -4.022235,        0.063033,        1.000000,       53.000000
       -4.959288,        0.067954,        1.000000,       53.000000
       -5.884642,        0.076548,        1.000000,       53.000000
       -6.744318,        0.108929,        1.000000,       53.000000
       -7.605812,        0.175990,        1.000000,       53.000000
       -0.286576,        0.144975,        2.000000,       53.000000
       -0.293135,        0.109778,        2.000000,       53.000000
       -0.299647,        0.080457,        2.000000,       53.000000
       -0.306372,        0.059400,        2.000000,       53.000000
       -0.311546,        0.048603,        2.000000,       53.000000
       -0.308476,        0.047134,        2.000000,       53.000000
       -0.304577,        0.049807,        2.000000,       53.000000
       -0.288787,        0.051919,        2.000000,       53.000000
       -0.250119,        0.052524,        2.000000,       53.000000
       -0.186526,        0.052624,        2.000000,       53.000000
       -0.105146,        0.053100,        2.000000,       53.000000
       -0.014692,        0.054685,        2.000000,       53.000000
        0.078863,        0.059210,        2.000000,       53.000000
        0.173340,        0.067994,        2.000000,       53.000000
        0.261448,        0.080309,        2.000000,       53.000000
        0.334080,        0.094146,        2.000000,       53.000000
        0.389768,        0.106966,        2.000000,       53.000000
        0.430349,        0.116458,        2.000000,       53.000000
        0.450457,        0.115614,        2.000000,       53.000000
        1.845814,        0.144746,        2.000000,       53.000000
        1.865311,        0.146054,        2.000000,       53.000000
        1.870287,        0.136233,        2.000000,       53.000000
        1.864659,        0.121567,        2.000000,       53.000000
        1.847516,        0.103484,        2.000000,       53.000000
        1.818975,        0.084169,        2.000000,       53.000000
        1.779818,        0.065991,        2.000000,       53.000000
        1.726503,        0.052062,        2.000000,       53.000000
        1.662511,        0.045606,        2.000000,       53.000000
        1.607374,        0.046037,        2.000000,       53.000000
        1.579728,        0.049204,        2.000000,       53.000000
        1.556225,        0.051366,        2.000000,       53.000000
        1.514582,        0.052039,        2.000000,       53.000000
        1.432260,        0.052071,        2.000000,       53.000000
        1.295561,        0.052293,        2.000000,       53.000000
        1.123598,        0.052961,        2.000000,       53.000000
        0.953451,        0.054459,        2.000000,       53.000000
        0.797628,        0.056698,        2.000000,       53.000000
        0.646428,        0.058653,        2.000000,       53.000000
        0.498475,        0.058806,        2.000000,       53.000000
        0.360790,        0.056598,        2.000000,       53.000000
        0.242506,        0.052785,        2.000000,       53.000000
        0.147883,        0.049441,        2.000000,       53.000000
        0.071585,        0.048652,        2.000000,       53.000000
        0.039159,        0.049781,        2.000000,       53.000000
        0.039046,        0.050830,        2.000000,       53.000000
        0.053800,        0.051314,        2.000000,       53.000000
        0.090788,        0.051748,        2.000000,       53.000000
        0.157798,        0.053136,        2.000000,       53.000000
        0.280198,        0.057471,        2.000000,       53.000000
        0.453954,        0.067553,        2.000000,       53.000000
        0.641969,        0.085112,        2.000000,       53.000000
        0.836411,        0.110018,        2.000000,       53.000000
        1.030087,        0.141342,        2.000000,       53.000000
        0.375839,        0.101757,        3.000000,       53.000000
        0.313049,        0.077155,        3.000000,       53.000000
        0.250382,        0.062431,        3.000000,       53.000000
        0.185609,        0.057532,        3.000000,       53.000000
        0.120454,        0.057093,        3.000000,       53.000000
        0.060318,        0.057033,        3.000000,       53.000000
        0.013640,        0.056183,        3.000000,       53.000000
       -0.023061,        0.054762,        3.000000,       53.000000
       -0.046329,        0.053448,        3.000000,       53.000000
       -0.037341,        0.052885,        3.000000,       53.000000
        0.005567,        0.053036,        3.000000,       53.000000
        0.069650,        0.054047,        3.000000,       53.000000
        0.142682,        0.057567,        3.000000,       53.000000
        0.205557,        0.065354,        3.000000,       53.000000
        0.246552,        0.077346,        3.000000,       53.000000
        0.267638,        0.091318,        3.000000,       53.000000
        0.272292,        0.104338,        3.000000,       53.000000
        0.261930,        0.113991,        3.000000,       53.000000
        0.232800,        0.113158,        3.000000,       53.000000
       -1.927661,        0.112285,        3.000000,       53.000000
       -1.956423,        0.113094,        3.000000,       53.000000
       -1.945297,        0.103103,        3.000000,       53.000000
       -1.903865,        0.089559,        3.000000,       53.000000
       -1.828145,        0.074971,        3.000000,       53.000000
       -1.720602,        0.063076,        3.000000,       53.000000
       -1.568776,        0.056958,        3.000000,       53.000000
       -1.367281,        0.055791,        3.000000,       53.000000
       -1.122647,        0.056228,        3.000000,       53.000000
       -0.858768,        0.056067,        3.000000,       53.000000
       -0.592670,        0.055104,        3.000000,       53.000000
       -0.353175,        0.053672,        3.000000,       53.000000
       -0.166712,        0.052531,        3.000000,       53.000000
       -0.047745,        0.051995,        3.000000,       53.000000
        0.015386,        0.051983,        3.000000,       53.000000
        0.054612,        0.052271,        3.000000,       53.000000
        0.091030,        0.052836,        3.000000,       53.000000
        0.115630,        0.053892,        3.000000,       53.000000
        0.118421,        0.055045,        3.000000,       53.000000
        0.099434,        0.055245,        3.000000,       53.000000
        0.056929,        0.054727,        3.000000,       53.000000
        0.010469,        0.054814,        3.000000,       53.000000
       -0.033979,        0.055451,        3.000000,       53.000000
       -0.092654,        0.055536,        3.000000,       53.000000
       -0.175681,        0.054729,        3.000000,       53.000000
       -0.279625,        0.053546,        3.000000,       53.000000
       -0.399574,        0.052636,        3.000000,       53.000000
       -0.513045,        0.052235,        3.000000,       53.000000
       -0.613376,        0.052664,        3.000000,       53.000000
       -0.705632,        0.055758,        3.000000,       53.000000
       -0.766230,        0.064961,        3.000000,       53.000000
       -0.810648,        0.082748,        3.000000,       53.000000
       -0.853228,        0.108529,        3.000000,       53.000000
       -0.895652,        0.140766,        3.000000,       53.000000
       -0.137797,        0.135593,        4.000000,       53.000000
       -0.089924,        0.106085,        4.000000,       53.000000
       -0.042066,        0.084010,        4.000000,       53.000000
        0.006376,        0.070284,        4.000000,       53.000000
        0.054118,        0.063586,        4.000000,       53.000000
        0.097808,        0.061360,        4.000000,       53.000000
        0.133047,        0.061125,        4.000000,       53.000000
        0.156856,        0.061235,        4.000000,       53.000000
        0.170567,        0.061166,        4.000000,       53.000000
        0.178837,        0.061332,        4.000000,       53.000000
        0.182207,        0.062164,        4.000000,       53.000000
        0.181114,        0.064232,        4.000000,       53.000000
        0.177869,        0.068775,        4.000000,       53.000000
        0.174827,        0.076642,        4.000000,       53.000000
        0.169474,        0.087471,        4.000000,       53.000000
        0.164240,        0.100015,        4.000000,       53.000000
        0.160539,        0.111982,        4.000000,       53.000000
        0.157980,        0.120948,        4.000000,       53.000000
        0.157014,        0.120043,        4.000000,       53.000000
        0.092532,        0.136537,        4.000000,       53.000000
        0.091588,        0.137703,        4.000000,       53.000000
        0.090346,        0.128374,        4.000000,       53.000000
        0.088842,        0.115019,        4.000000,       53.000000
        0.087070,        0.099493,        4.000000,       53.000000
        0.084898,        0.084465,        4.000000,       53.000000
        0.082819,        0.072427,        4.000000,       53.000000
        0.083087,        0.064558,        4.000000,       53.000000
        0.086720,        0.060588,        4.000000,       53.000000
        0.088376,        0.059309,        4.000000,       53.000000
        0.082814,        0.059383,        4.000000,       53.000000
        0.071039,        0.059712,        4.000000,       53.000000
        0.054466,        0.059978,        4.000000,       53.000000
        0.036271,        0.060334,        4.000000,       53.000000
        0.017973,        0.060923,        4.000000,       53.000000
        0.000477,        0.061681,        4.000000,       53.000000
       -0.019777,        0.062647,        4.000000,       53.000000
       -0.040540,        0.063820,        4.000000,       53.000000
       -0.059279,        0.064830,        4.000000,       53.000000
       -0.075699,        0.065139,        4.000000,       53.000000
       -0.091365,        0.064607,        4.000000,       53.000000
       -0.106657,        0.063653,        4.000000,       53.000000
       -0.120765,        0.062787,        4.000000,       53.000000
       -0.133289,        0.062269,        4.000000,       53.000000
       -0.140233,        0.061985,        4.000000,       53.000000
       -0.140343,        0.061683,        4.000000,       53.000000
       -0.132083,        0.061457,        4.000000,       53.000000
       -0.116843,        0.061609,        4.000000,       53.000000
       -0.097648,        0.062774,        4.000000,       53.000000
       -0.076812,        0.066427,        4.000000,       53.000000
       -0.059475,        0.074884,        4.000000,       53.000000
       -0.042831,        0.090185,        4.000000,       53.000000
       -0.025034,        0.113182,        4.000000,       53.000000
       -0.007472,        0.143235,        4.000000,       53.000000
       -0.103556,        0.124803,        5.000000,       53.000000
       -0.083940,        0.096225,        5.000000,       53.000000
       -0.064474,        0.075643,        5.000000,       53.000000
       -0.044394,        0.064172,        5.000000,       53.000000
       -0.024631,        0.059690,        5.000000,       53.000000
       -0.004247,        0.058855,        5.000000,       53.000000
        0.017264,        0.059174,        5.000000,       53.000000
        0.036002,        0.059320,        5.000000,       53.000000
        0.049234,        0.059087,        5.000000,       53.000000
        0.051556,        0.058883,        5.000000,       53.000000
        0.041881,        0.059086,        5.000000,       53.000000
        0.026697,        0.060195,        5.000000,       53.000000
        0.010991,        0.063441,        5.000000,       53.000000
        0.001917,        0.069982,        5.000000,       53.000000
       -0.000197,        0.079847,        5.000000,       53.000000
       -0.001923,        0.091910,        5.000000,       53.000000
       -0.004633,        0.103821,        5.000000,       53.000000
       -0.007810,        0.112936,        5.000000,       53.000000
       -0.011646,        0.112118,        5.000000,       53.000000
       -0.290499,        0.130381,        5.000000,       53.000000
       -0.294271,        0.131492,        5.000000,       53.000000
       -0.293779,        0.122046,        5.000000,       53.000000
       -0.290045,        0.108680,        5.000000,       53.000000
       -0.282761,        0.093362,        5.000000,       53.000000
       -0.271814,        0.078946,        5.000000,       53.000000
       -0.257888,        0.067968,        5.000000,       53.000000
       -0.243997,        0.061307,        5.000000,       53.000000
       -0.234695,        0.058372,        5.000000,       53.000000
       -0.228046,        0.057623,        5.000000,       53.000000
       -0.223523,        0.057757,        5.000000,       53.000000
       -0.219138,        0.057792,        5.000000,       53.000000
       -0.215059,        0.057569,        5.000000,       53.000000
       -0.206569,        0.057502,        5.000000,       53.000000
       -0.187834,        0.057755,        5.000000,       53.000000
       -0.160966,        0.058199,        5.000000,       53.000000
       -0.134629,        0.059031,        5.000000,       53.000000
       -0.112460,        0.060270,        5.000000,       53.000000
       -0.096261,        0.061441,        5.000000,       53.000000
       -0.084972,        0.061996,        5.000000,       53.000000
       -0.076598,        0.061763,        5.000000,       53.000000
       -0.070926,        0.061117,        5.000000,       53.000000
       -0.071880,        0.060446,        5.000000,       53.000000
       -0.082487,        0.059910,        5.000000,       53.000000
       -0.099181,        0.059427,        5.000000,       53.000000
       -0.120129,        0.058839,        5.000000,       53.000000
       -0.144364,        0.058329,        5.000000,       53.000000
       -0.172774,        0.058300,        5.000000,       53.000000
       -0.202079,        0.059161,        5.000000,       53.000000
       -0.232920,        0.062286,        5.000000,       53.000000
       -0.263246,        0.069981,        5.000000,       53.000000
       -0.289697,        0.084309,        5.000000,       53.000000
       -0.316694,        0.106423,        5.000000,       53.000000
       -0.343290,        0.135730,        5.000000,       53.000000
