      788.002700,        0.000000,        0.000000,        0.000000
     -199.353200,        0.000000,        0.000000,        0.000000
    -1676.758100,        0.000000,        0.000000,        0.000000
      -31.737100,        0.000000,        0.000000,        0.000000
     -932.468200,        0.000000,        0.000000,        0.000000
    -1675.639600,        0.000000,        0.000000,        0.000000
     -860.235900,        0.000000,        0.000000,        0.000000
     -138.386300,        0.000000,        0.000000,        0.000000
    -1668.392600,        0.000000,        0.000000,        0.000000
       -4.541000,        0.000000,        0.000000,        0.000000
      898.146200,        0.000000,        0.000000,        0.000000
    -1659.717000,        0.000000,        0.000000,        0.000000
       -0.059356,        0.011300,        0.000000,        0.000000
        0.005554,        0.011025,        0.000000,        0.000000
        0.004434,        0.006031,        0.000000,        0.000000
        1.554700,        0.000000,        0.000000,        0.000000
       -1.269000,        0.000000,        0.000000,        0.000000
       23.729500,        0.000000,        0.000000,        0.000000
       -3.693471,        0.398256,        1.000000,       48.000000
       -3.163656,        0.216707,        1.000000,       48.000000
       -2.614583,        0.142150,        1.000000,       48.000000
       -2.082157,        0.135435,        1.000000,       48.000000
       -1.739917,        0.134153,        1.000000,       48.000000
       -1.479295,        0.131381,        1.000000,       48.000000
       -1.108856,        0.134243,        1.000000,       48.000000
       -0.763208,        0.136413,        1.000000,       48.000000
       -0.657590,        0.130378,        1.000000,       48.000000
       -0.879915,        0.126055,        1.000000,       48.000000
       -1.222093,        0.128621,        1.000000,       48.000000
       -1.382665,        0.128232,        1.000000,       48.000000
       -1.294995,        0.126997,        1.000000,       48.000000
       -1.127123,        0.133476,        1.000000,       48.000000
       -1.075542,        0.142666,        1.000000,       48.000000
       -1.205255,        0.149400,        1.000000,       48.000000
       -1.372407,        0.152045,        1.000000,       48.000000
       -1.461814,        0.139389,        1.000000,       48.000000
       -1.458821,        0.131772,        1.000000,       48.000000
       -1.347085,        0.128946,        1.000000,       48.000000
       -1.182682,        0.130557,        1.000000,       48.000000
       -1.084352,        0.134872,        1.000000,       48.000000
       -1.051143,        0.135578,        1.000000,       48.000000
       -1.018277,        0.128913,        1.000000,       48.000000
       -1.049112,        0.125997,        1.000000,       48.000000
       -1.360634,        0.127370,        1.000000,       48.000000
       -2.046043,        0.126794,        1.000000,       48.000000
       -2.960164,        0.129186,        1.000000,       48.000000
       -3.813683,        0.137756,        1.000000,       48.000000
       -4.394180,        0.144457,        1.000000,       48.000000
       -4.632901,        0.146750,        1.000000,       48.000000
       -4.585400,        0.143785,        1.000000,       48.000000
       -4.349177,        0.135905,        1.000000,       48.000000
       -4.052777,        0.130853,        1.000000,       48.000000
       -3.702442,        0.130057,        1.000000,       48.000000
       -3.331002,        0.131277,        1.000000,       48.000000
       -3.040851,        0.137250,        1.000000,       48.000000
       -3.058907,        0.142801,        1.000000,       48.000000
       -3.123197,        0.135832,        1.000000,       48.000000
       -2.917183,        0.127528,        1.000000,       48.000000
       -2.441110,        0.127558,        1.000000,       48.000000
       -1.921595,        0.129057,        1.000000,       48.000000
       -1.677254,        0.128335,        1.000000,       48.000000
       -1.802470,        0.135039,        1.000000,       48.000000
       -2.248657,        0.146557,        1.000000,       48.000000
       -2.766679,        0.159393,        1.000000,       48.000000
       -3.175844,        0.237070,        1.000000,       48.000000
       -3.579116,        0.412553,        1.000000,       48.000000
       -0.151922,        0.363707,        2.000000,       48.000000
        0.021569,        0.269262,        2.000000,       48.000000
        0.194146,        0.188281,        2.000000,       48.000000
        0.370530,        0.126307,        2.000000,       48.000000
        0.526755,        0.089339,        2.000000,       48.000000
        0.637152,        0.081791,        2.000000,       48.000000
        0.662885,        0.089481,        2.000000,       48.000000
        0.602935,        0.096238,        2.000000,       48.000000
        0.499084,        0.097078,        2.000000,       48.000000
        0.401106,        0.095510,        2.000000,       48.000000
        0.324197,        0.094360,        2.000000,       48.000000
        0.257934,        0.095109,        2.000000,       48.000000
        0.177819,        0.099155,        2.000000,       48.000000
        0.101865,        0.107476,        2.000000,       48.000000
        0.042484,        0.118107,        2.000000,       48.000000
       -0.001529,        0.125808,        2.000000,       48.000000
       -0.041327,        0.126785,        2.000000,       48.000000
       -0.076089,        0.119314,        2.000000,       48.000000
       -0.106810,        0.105723,        2.000000,       48.000000
       -0.129224,        0.092323,        2.000000,       48.000000
       -0.133447,        0.087206,        2.000000,       48.000000
       -0.091074,        0.090457,        2.000000,       48.000000
       -0.017263,        0.094256,        2.000000,       48.000000
        0.061745,        0.094813,        2.000000,       48.000000
        0.133446,        0.094023,        2.000000,       48.000000
        0.186874,        0.094004,        2.000000,       48.000000
        0.233577,        0.096014,        2.000000,       48.000000
        0.288329,        0.101447,        2.000000,       48.000000
        0.350420,        0.110479,        2.000000,       48.000000
        0.410093,        0.119962,        2.000000,       48.000000
        0.459542,        0.124794,        2.000000,       48.000000
        0.493096,        0.122131,        2.000000,       48.000000
        0.508454,        0.111012,        2.000000,       48.000000
        0.505448,        0.095158,        2.000000,       48.000000
        0.481845,        0.082044,        2.000000,       48.000000
        0.451305,        0.081007,        2.000000,       48.000000
        0.419262,        0.088818,        2.000000,       48.000000
        0.375808,        0.095842,        2.000000,       48.000000
        0.345942,        0.097712,        2.000000,       48.000000
        0.341653,        0.097205,        2.000000,       48.000000
        0.339210,        0.096034,        2.000000,       48.000000
        0.322599,        0.095982,        2.000000,       48.000000
        0.280351,        0.098972,        2.000000,       48.000000
        0.216284,        0.110098,        2.000000,       48.000000
        0.172905,        0.137241,        2.000000,       48.000000
        0.161523,        0.184231,        2.000000,       48.000000
        0.165332,        0.250256,        2.000000,       48.000000
        0.168319,        0.332779,        2.000000,       48.000000
       -0.052770,        0.218995,        3.000000,       48.000000
       -0.144668,        0.152660,        3.000000,       48.000000
       -0.238389,        0.114870,        3.000000,       48.000000
       -0.312974,        0.107319,        3.000000,       48.000000
       -0.357384,        0.110974,        3.000000,       48.000000
       -0.372516,        0.112982,        3.000000,       48.000000
       -0.340815,        0.109739,        3.000000,       48.000000
       -0.265781,        0.103889,        3.000000,       48.000000
       -0.175240,        0.098250,        3.000000,       48.000000
       -0.103968,        0.094743,        3.000000,       48.000000
       -0.066552,        0.093914,        3.000000,       48.000000
       -0.060708,        0.094464,        3.000000,       48.000000
       -0.080032,        0.096561,        3.000000,       48.000000
       -0.103730,        0.101239,        3.000000,       48.000000
       -0.106826,        0.106788,        3.000000,       48.000000
       -0.089668,        0.109042,        3.000000,       48.000000
       -0.070516,        0.105945,        3.000000,       48.000000
       -0.058813,        0.101341,        3.000000,       48.000000
       -0.060944,        0.101553,        3.000000,       48.000000
       -0.066330,        0.105018,        3.000000,       48.000000
       -0.063163,        0.106417,        3.000000,       48.000000
       -0.045834,        0.104169,        3.000000,       48.000000
       -0.016779,        0.100058,        3.000000,       48.000000
        0.027046,        0.096436,        3.000000,       48.000000
        0.068176,        0.094305,        3.000000,       48.000000
        0.091122,        0.093749,        3.000000,       48.000000
        0.091581,        0.094852,        3.000000,       48.000000
        0.080332,        0.097714,        3.000000,       48.000000
        0.063101,        0.102276,        3.000000,       48.000000
        0.044892,        0.106562,        3.000000,       48.000000
        0.017200,        0.106391,        3.000000,       48.000000
       -0.021687,        0.102016,        3.000000,       48.000000
       -0.073419,        0.098899,        3.000000,       48.000000
       -0.141506,        0.101595,        3.000000,       48.000000
       -0.218003,        0.106134,        3.000000,       48.000000
       -0.281356,        0.108274,        3.000000,       48.000000
       -0.293994,        0.107356,        3.000000,       48.000000
       -0.245327,        0.104617,        3.000000,       48.000000
       -0.155990,        0.100564,        3.000000,       48.000000
       -0.038118,        0.097131,        3.000000,       48.000000
        0.077654,        0.095751,        3.000000,       48.000000
        0.189278,        0.095504,        3.000000,       48.000000
        0.303930,        0.097481,        3.000000,       48.000000
        0.419627,        0.107687,        3.000000,       48.000000
        0.514774,        0.135652,        3.000000,       48.000000
        0.603156,        0.186287,        3.000000,       48.000000
        0.689067,        0.256684,        3.000000,       48.000000
        0.775892,        0.342940,        3.000000,       48.000000
        0.056819,        0.208975,        4.000000,       48.000000
       -0.039410,        0.143709,        4.000000,       48.000000
       -0.136298,        0.102597,        4.000000,       48.000000
       -0.222056,        0.085665,        4.000000,       48.000000
       -0.292993,        0.081157,        4.000000,       48.000000
       -0.350901,        0.081089,        4.000000,       48.000000
       -0.358243,        0.081874,        4.000000,       48.000000
       -0.317218,        0.082447,        4.000000,       48.000000
       -0.248790,        0.081338,        4.000000,       48.000000
       -0.174478,        0.080544,        4.000000,       48.000000
       -0.121342,        0.081210,        4.000000,       48.000000
       -0.093414,        0.081949,        4.000000,       48.000000
       -0.063785,        0.083205,        4.000000,       48.000000
       -0.043631,        0.086850,        4.000000,       48.000000
       -0.044455,        0.091663,        4.000000,       48.000000
       -0.059203,        0.094874,        4.000000,       48.000000
       -0.094262,        0.094798,        4.000000,       48.000000
       -0.132072,        0.090455,        4.000000,       48.000000
       -0.162424,        0.086026,        4.000000,       48.000000
       -0.187993,        0.083437,        4.000000,       48.000000
       -0.206942,        0.082550,        4.000000,       48.000000
       -0.234115,        0.082667,        4.000000,       48.000000
       -0.257085,        0.082509,        4.000000,       48.000000
       -0.269442,        0.081652,        4.000000,       48.000000
       -0.270950,        0.081223,        4.000000,       48.000000
       -0.265952,        0.081622,        4.000000,       48.000000
       -0.267904,        0.082493,        4.000000,       48.000000
       -0.279867,        0.084218,        4.000000,       48.000000
       -0.279494,        0.087727,        4.000000,       48.000000
       -0.269366,        0.091652,        4.000000,       48.000000
       -0.255101,        0.093124,        4.000000,       48.000000
       -0.228370,        0.091265,        4.000000,       48.000000
       -0.203633,        0.086583,        4.000000,       48.000000
       -0.179164,        0.082979,        4.000000,       48.000000
       -0.160689,        0.080863,        4.000000,       48.000000
       -0.159514,        0.080590,        4.000000,       48.000000
       -0.152310,        0.081976,        4.000000,       48.000000
       -0.121146,        0.083474,        4.000000,       48.000000
       -0.069824,        0.082729,        4.000000,       48.000000
       -0.023490,        0.081847,        4.000000,       48.000000
       -0.014038,        0.081841,        4.000000,       48.000000
       -0.041943,        0.082514,        4.000000,       48.000000
       -0.093489,        0.083440,        4.000000,       48.000000
       -0.170200,        0.085844,        4.000000,       48.000000
       -0.265731,        0.093712,        4.000000,       48.000000
       -0.368959,        0.114350,        4.000000,       48.000000
       -0.476941,        0.157100,        4.000000,       48.000000
       -0.584953,        0.223070,        4.000000,       48.000000
       -0.109915,        0.196245,        5.000000,       48.000000
       -0.148854,        0.131273,        5.000000,       48.000000
       -0.189104,        0.091537,        5.000000,       48.000000
       -0.229827,        0.078194,        5.000000,       48.000000
       -0.270316,        0.076779,        5.000000,       48.000000
       -0.305657,        0.077936,        5.000000,       48.000000
       -0.308240,        0.078704,        5.000000,       48.000000
       -0.290881,        0.078683,        5.000000,       48.000000
       -0.259901,        0.077362,        5.000000,       48.000000
       -0.213550,        0.076465,        5.000000,       48.000000
       -0.187547,        0.076439,        5.000000,       48.000000
       -0.164793,        0.076703,        5.000000,       48.000000
       -0.145023,        0.077278,        5.000000,       48.000000
       -0.133163,        0.079627,        5.000000,       48.000000
       -0.114550,        0.083774,        5.000000,       48.000000
       -0.095147,        0.086887,        5.000000,       48.000000
       -0.064918,        0.087291,        5.000000,       48.000000
       -0.031221,        0.084030,        5.000000,       48.000000
       -0.015132,        0.080675,        5.000000,       48.000000
       -0.017500,        0.078602,        5.000000,       48.000000
       -0.017397,        0.078001,        5.000000,       48.000000
       -0.006052,        0.078346,        5.000000,       48.000000
        0.014172,        0.078326,        5.000000,       48.000000
        0.032521,        0.076809,        5.000000,       48.000000
        0.026441,        0.075945,        5.000000,       48.000000
        0.015857,        0.076120,        5.000000,       48.000000
        0.016191,        0.076266,        5.000000,       48.000000
        0.015449,        0.077823,        5.000000,       48.000000
        0.013692,        0.081538,        5.000000,       48.000000
        0.016527,        0.085171,        5.000000,       48.000000
        0.018264,        0.086618,        5.000000,       48.000000
        0.004840,        0.085185,        5.000000,       48.000000
       -0.037503,        0.081564,        5.000000,       48.000000
       -0.100164,        0.078433,        5.000000,       48.000000
       -0.170477,        0.076477,        5.000000,       48.000000
       -0.241780,        0.076484,        5.000000,       48.000000
       -0.285798,        0.078099,        5.000000,       48.000000
       -0.293966,        0.079740,        5.000000,       48.000000
       -0.267006,        0.078223,        5.000000,       48.000000
       -0.220319,        0.076379,        5.000000,       48.000000
       -0.164948,        0.076203,        5.000000,       48.000000
       -0.101464,        0.076613,        5.000000,       48.000000
       -0.034880,        0.077067,        5.000000,       48.000000
        0.021312,        0.079674,        5.000000,       48.000000
        0.051364,        0.087211,        5.000000,       48.000000
        0.051975,        0.105931,        5.000000,       48.000000
        0.045594,        0.146924,        5.000000,       48.000000
        0.039204,        0.211644,        5.000000,       48.000000
