      788.002700,        0.000000,        0.000000,        0.000000
     -199.353200,        0.000000,        0.000000,        0.000000
    -1676.758100,        0.000000,        0.000000,        0.000000
      -31.737100,        0.000000,        0.000000,        0.000000
     -932.468200,        0.000000,        0.000000,        0.000000
    -1675.639600,        0.000000,        0.000000,        0.000000
     -860.235900,        0.000000,        0.000000,        0.000000
     -138.386300,        0.000000,        0.000000,        0.000000
    -1668.392600,        0.000000,        0.000000,        0.000000
       -4.541000,        0.000000,        0.000000,        0.000000
      898.146200,        0.000000,        0.000000,        0.000000
    -1659.717000,        0.000000,        0.000000,        0.000000
        0.153475,        0.010922,        0.000000,        0.000000
        0.010447,        0.010268,        0.000000,        0.000000
        0.035334,        0.004869,        0.000000,        0.000000
        1.691062,        0.002929,        0.000000,        0.000000
       -1.263923,        0.004782,        0.000000,        0.000000
       23.729500,        0.000000,        0.000000,        0.000000
       -7.784141,        0.340703,        1.000000,       71.000000
       -7.951314,        0.143700,        1.000000,       71.000000
       -8.049602,        0.108443,        1.000000,       71.000000
       -8.019363,        0.100999,        1.000000,       71.000000
       -7.898588,        0.100365,        1.000000,       71.000000
       -7.626979,        0.105267,        1.000000,       71.000000
       -7.267211,        0.103412,        1.000000,       71.000000
       -6.921784,        0.110927,        1.000000,       71.000000
       -6.479928,        0.103071,        1.000000,       71.000000
       -6.152405,        0.137326,        1.000000,       71.000000
       -5.840167,        0.232760,        1.000000,       71.000000
       -5.588615,        0.310228,        1.000000,       71.000000
       -5.419997,        0.335893,        1.000000,       71.000000
       -5.361733,        0.303329,        1.000000,       71.000000
       -5.442904,        0.220834,        1.000000,       71.000000
       -5.680776,        0.130122,        1.000000,       71.000000
       -6.128361,        0.102772,        1.000000,       71.000000
       -6.429832,        0.107399,        1.000000,       71.000000
       -6.181987,        0.101833,        1.000000,       71.000000
       -5.493354,        0.104985,        1.000000,       71.000000
       -5.377367,        0.101259,        1.000000,       71.000000
       -5.622087,        0.104293,        1.000000,       71.000000
       -6.598640,        0.104382,        1.000000,       71.000000
       -7.711457,        0.099499,        1.000000,       71.000000
       -8.174710,        0.105011,        1.000000,       71.000000
       -8.178829,        0.102026,        1.000000,       71.000000
       -7.721856,        0.101503,        1.000000,       71.000000
       -7.361141,        0.100102,        1.000000,       71.000000
       -7.629829,        0.102453,        1.000000,       71.000000
       -8.145989,        0.101537,        1.000000,       71.000000
       -8.280752,        0.101131,        1.000000,       71.000000
       -7.981741,        0.105983,        1.000000,       71.000000
       -7.063985,        0.101610,        1.000000,       71.000000
       -6.456688,        0.117323,        1.000000,       71.000000
       -6.135283,        0.235243,        1.000000,       71.000000
       -5.900297,        0.360398,        1.000000,       71.000000
       -5.836825,        0.365032,        1.000000,       71.000000
       -3.765170,        0.641415,        1.000000,       71.000000
       -3.707900,        0.646197,        1.000000,       71.000000
       -3.681529,        0.525624,        1.000000,       71.000000
       -3.674756,        0.367720,        1.000000,       71.000000
       -3.683109,        0.201110,        1.000000,       71.000000
       -3.719750,        0.103086,        1.000000,       71.000000
       -3.583500,        0.105084,        1.000000,       71.000000
       -3.209565,        0.104482,        1.000000,       71.000000
       -2.825656,        0.101832,        1.000000,       71.000000
       -2.675704,        0.100866,        1.000000,       71.000000
       -2.545513,        0.107585,        1.000000,       71.000000
       -2.395729,        0.102901,        1.000000,       71.000000
       -2.412358,        0.105520,        1.000000,       71.000000
       -2.597460,        0.103950,        1.000000,       71.000000
       -2.811884,        0.100900,        1.000000,       71.000000
       -2.830732,        0.104309,        1.000000,       71.000000
       -2.860930,        0.106100,        1.000000,       71.000000
       -3.140772,        0.107770,        1.000000,       71.000000
       -3.313408,        0.111324,        1.000000,       71.000000
       -3.912217,        0.106735,        1.000000,       71.000000
       -4.673857,        0.107612,        1.000000,       71.000000
       -4.934215,        0.108373,        1.000000,       71.000000
       -4.921675,        0.108806,        1.000000,       71.000000
       -5.407338,        0.104136,        1.000000,       71.000000
       -7.062622,        0.112828,        1.000000,       71.000000
       -8.450709,        0.104667,        1.000000,       71.000000
       -8.812531,        0.105793,        1.000000,       71.000000
       -8.320875,        0.109167,        1.000000,       71.000000
       -7.637429,        0.106174,        1.000000,       71.000000
       -7.112603,        0.106748,        1.000000,       71.000000
       -6.634084,        0.108729,        1.000000,       71.000000
       -5.938689,        0.103361,        1.000000,       71.000000
       -5.202318,        0.154467,        1.000000,       71.000000
       -4.468362,        0.345010,        1.000000,       71.000000
       -0.895935,        0.346041,        2.000000,       71.000000
       -0.552755,        0.243726,        2.000000,       71.000000
       -0.210910,        0.159609,        2.000000,       71.000000
        0.135711,        0.103041,        2.000000,       71.000000
        0.454188,        0.078964,        2.000000,       71.000000
        0.699176,        0.078316,        2.000000,       71.000000
        0.905329,        0.080471,        2.000000,       71.000000
        1.080455,        0.077089,        2.000000,       71.000000
        1.137776,        0.079271,        2.000000,       71.000000
        1.021183,        0.096897,        2.000000,       71.000000
        0.865157,        0.123892,        2.000000,       71.000000
        0.673747,        0.143814,        2.000000,       71.000000
        0.475042,        0.150661,        2.000000,       71.000000
        0.290804,        0.142521,        2.000000,       71.000000
        0.144069,        0.121331,        2.000000,       71.000000
        0.059104,        0.093875,        2.000000,       71.000000
        0.052793,        0.076323,        2.000000,       71.000000
        0.139944,        0.078162,        2.000000,       71.000000
        0.213950,        0.090148,        2.000000,       71.000000
        0.133579,        0.100929,        2.000000,       71.000000
       -0.077744,        0.104851,        2.000000,       71.000000
       -0.322724,        0.097982,        2.000000,       71.000000
       -0.500000,        0.086276,        2.000000,       71.000000
       -0.612530,        0.077211,        2.000000,       71.000000
       -0.586700,        0.076951,        2.000000,       71.000000
       -0.349470,        0.076021,        2.000000,       71.000000
        0.022333,        0.072051,        2.000000,       71.000000
        0.379770,        0.069968,        2.000000,       71.000000
        0.509427,        0.069500,        2.000000,       71.000000
        0.571621,        0.070093,        2.000000,       71.000000
        0.476864,        0.072360,        2.000000,       71.000000
        0.305555,        0.080235,        2.000000,       71.000000
        0.357524,        0.098809,        2.000000,       71.000000
        0.444635,        0.128717,        2.000000,       71.000000
        0.505864,        0.166936,        2.000000,       71.000000
        0.532828,        0.200491,        2.000000,       71.000000
        0.519341,        0.199864,        2.000000,       71.000000
       -0.092211,        0.349765,        2.000000,       71.000000
       -0.106980,        0.355131,        2.000000,       71.000000
       -0.119926,        0.324132,        2.000000,       71.000000
       -0.130165,        0.278107,        2.000000,       71.000000
       -0.136483,        0.222314,        2.000000,       71.000000
       -0.139366,        0.164528,        2.000000,       71.000000
       -0.133036,        0.114474,        2.000000,       71.000000
       -0.136156,        0.084747,        2.000000,       71.000000
       -0.100614,        0.076751,        2.000000,       71.000000
       -0.055646,        0.078062,        2.000000,       71.000000
       -0.053073,        0.075739,        2.000000,       71.000000
       -0.136363,        0.074086,        2.000000,       71.000000
       -0.318603,        0.072772,        2.000000,       71.000000
       -0.422106,        0.071453,        2.000000,       71.000000
       -0.370748,        0.071946,        2.000000,       71.000000
       -0.223035,        0.077512,        2.000000,       71.000000
        0.025929,        0.090320,        2.000000,       71.000000
        0.257650,        0.104112,        2.000000,       71.000000
        0.374950,        0.112625,        2.000000,       71.000000
        0.392078,        0.110291,        2.000000,       71.000000
        0.328544,        0.098963,        2.000000,       71.000000
        0.187126,        0.086569,        2.000000,       71.000000
       -0.047078,        0.082697,        2.000000,       71.000000
       -0.337148,        0.084057,        2.000000,       71.000000
       -0.568843,        0.080957,        2.000000,       71.000000
       -0.629981,        0.075303,        2.000000,       71.000000
       -0.595035,        0.072400,        2.000000,       71.000000
       -0.492034,        0.073088,        2.000000,       71.000000
       -0.400591,        0.073929,        2.000000,       71.000000
       -0.357044,        0.076248,        2.000000,       71.000000
       -0.340107,        0.085346,        2.000000,       71.000000
       -0.351986,        0.110757,        2.000000,       71.000000
       -0.347042,        0.162306,        2.000000,       71.000000
       -0.346845,        0.240572,        2.000000,       71.000000
        0.998809,        0.179935,        3.000000,       71.000000
        0.612659,        0.111598,        3.000000,       71.000000
        0.222708,        0.087904,        3.000000,       71.000000
       -0.071136,        0.095428,        3.000000,       71.000000
       -0.245472,        0.101867,        3.000000,       71.000000
       -0.313633,        0.097265,        3.000000,       71.000000
       -0.276178,        0.085000,        3.000000,       71.000000
       -0.181703,        0.072959,        3.000000,       71.000000
        0.013454,        0.071385,        3.000000,       71.000000
        0.159266,        0.088421,        3.000000,       71.000000
        0.228123,        0.114947,        3.000000,       71.000000
        0.244506,        0.135505,        3.000000,       71.000000
        0.210555,        0.142194,        3.000000,       71.000000
        0.134910,        0.133291,        3.000000,       71.000000
        0.022427,        0.111322,        3.000000,       71.000000
       -0.113396,        0.085155,        3.000000,       71.000000
       -0.290786,        0.071805,        3.000000,       71.000000
       -0.465762,        0.073879,        3.000000,       71.000000
       -0.544704,        0.081057,        3.000000,       71.000000
       -0.485359,        0.082965,        3.000000,       71.000000
       -0.331452,        0.080132,        3.000000,       71.000000
       -0.182712,        0.084278,        3.000000,       71.000000
       -0.130535,        0.092537,        3.000000,       71.000000
       -0.095567,        0.096754,        3.000000,       71.000000
       -0.054592,        0.090630,        3.000000,       71.000000
        0.020271,        0.078961,        3.000000,       71.000000
        0.062035,        0.070054,        3.000000,       71.000000
       -0.026525,        0.068096,        3.000000,       71.000000
       -0.126689,        0.069158,        3.000000,       71.000000
       -0.229243,        0.069434,        3.000000,       71.000000
       -0.462369,        0.068911,        3.000000,       71.000000
       -0.502754,        0.074636,        3.000000,       71.000000
       -0.438501,        0.096385,        3.000000,       71.000000
       -0.373272,        0.133414,        3.000000,       71.000000
       -0.314858,        0.175750,        3.000000,       71.000000
       -0.270690,        0.210421,        3.000000,       71.000000
       -0.242422,        0.209121,        3.000000,       71.000000
        0.801028,        0.253524,        3.000000,       71.000000
        0.828526,        0.256190,        3.000000,       71.000000
        0.848545,        0.221303,        3.000000,       71.000000
        0.864394,        0.174482,        3.000000,       71.000000
        0.871464,        0.125173,        3.000000,       71.000000
        0.886003,        0.092176,        3.000000,       71.000000
        0.826547,        0.089537,        3.000000,       71.000000
        0.642033,        0.095999,        3.000000,       71.000000
        0.357977,        0.095503,        3.000000,       71.000000
        0.101676,        0.085921,        3.000000,       71.000000
       -0.049056,        0.075520,        3.000000,       71.000000
       -0.048291,        0.071094,        3.000000,       71.000000
       -0.030833,        0.071650,        3.000000,       71.000000
       -0.156927,        0.071529,        3.000000,       71.000000
       -0.368429,        0.070617,        3.000000,       71.000000
       -0.658231,        0.072404,        3.000000,       71.000000
       -0.946085,        0.079226,        3.000000,       71.000000
       -1.085750,        0.084231,        3.000000,       71.000000
       -1.097485,        0.082283,        3.000000,       71.000000
       -1.059005,        0.084328,        3.000000,       71.000000
       -0.991525,        0.094346,        3.000000,       71.000000
       -0.929807,        0.102607,        3.000000,       71.000000
       -0.889736,        0.102027,        3.000000,       71.000000
       -0.904970,        0.092322,        3.000000,       71.000000
       -0.961348,        0.080715,        3.000000,       71.000000
       -1.072914,        0.074101,        3.000000,       71.000000
       -1.158880,        0.074067,        3.000000,       71.000000
       -1.140429,        0.076075,        3.000000,       71.000000
       -1.044465,        0.075573,        3.000000,       71.000000
       -0.840821,        0.074881,        3.000000,       71.000000
       -0.568464,        0.083395,        3.000000,       71.000000
       -0.259225,        0.115919,        3.000000,       71.000000
        0.048445,        0.178068,        3.000000,       71.000000
        0.353810,        0.264384,        3.000000,       71.000000
        0.058912,        0.221697,        4.000000,       71.000000
        0.056961,        0.149270,        4.000000,       71.000000
        0.053913,        0.109239,        4.000000,       71.000000
        0.053755,        0.096176,        4.000000,       71.000000
        0.077575,        0.093348,        4.000000,       71.000000
        0.122887,        0.091502,        4.000000,       71.000000
        0.179365,        0.087754,        4.000000,       71.000000
        0.212285,        0.083093,        4.000000,       71.000000
        0.226554,        0.084064,        4.000000,       71.000000
        0.239709,        0.098713,        4.000000,       71.000000
        0.228085,        0.122756,        4.000000,       71.000000
        0.197637,        0.141424,        4.000000,       71.000000
        0.153625,        0.147707,        4.000000,       71.000000
        0.101330,        0.139705,        4.000000,       71.000000
        0.046635,        0.119740,        4.000000,       71.000000
       -0.007005,        0.095780,        4.000000,       71.000000
       -0.046560,        0.083111,        4.000000,       71.000000
       -0.051389,        0.084436,        4.000000,       71.000000
       -0.059377,        0.090478,        4.000000,       71.000000
       -0.082948,        0.095003,        4.000000,       71.000000
       -0.105202,        0.096358,        4.000000,       71.000000
       -0.083631,        0.095540,        4.000000,       71.000000
       -0.013767,        0.094261,        4.000000,       71.000000
        0.041220,        0.092375,        4.000000,       71.000000
        0.060570,        0.089567,        4.000000,       71.000000
        0.057587,        0.084827,        4.000000,       71.000000
        0.067986,        0.080336,        4.000000,       71.000000
        0.090808,        0.078329,        4.000000,       71.000000
        0.101927,        0.078566,        4.000000,       71.000000
        0.106446,        0.078949,        4.000000,       71.000000
        0.101351,        0.079518,        4.000000,       71.000000
        0.089761,        0.084375,        4.000000,       71.000000
        0.062937,        0.098211,        4.000000,       71.000000
        0.026705,        0.125166,        4.000000,       71.000000
        0.000364,        0.162950,        4.000000,       71.000000
       -0.011299,        0.196547,        4.000000,       71.000000
       -0.006335,        0.195872,        4.000000,       71.000000
        0.229986,        0.285316,        4.000000,       71.000000
        0.235284,        0.288874,        4.000000,       71.000000
        0.233880,        0.256291,        4.000000,       71.000000
        0.226474,        0.211549,        4.000000,       71.000000
        0.213142,        0.162540,        4.000000,       71.000000
        0.189974,        0.122170,        4.000000,       71.000000
        0.172812,        0.100990,        4.000000,       71.000000
        0.197265,        0.093530,        4.000000,       71.000000
        0.231114,        0.090346,        4.000000,       71.000000
        0.268955,        0.087023,        4.000000,       71.000000
        0.305761,        0.083129,        4.000000,       71.000000
        0.322864,        0.081456,        4.000000,       71.000000
        0.281742,        0.082035,        4.000000,       71.000000
        0.218262,        0.082193,        4.000000,       71.000000
        0.190999,        0.082701,        4.000000,       71.000000
        0.225349,        0.085733,        4.000000,       71.000000
        0.299445,        0.091723,        4.000000,       71.000000
        0.346267,        0.097511,        4.000000,       71.000000
        0.329361,        0.101191,        4.000000,       71.000000
        0.247149,        0.102817,        4.000000,       71.000000
        0.122086,        0.103023,        4.000000,       71.000000
        0.002280,        0.101224,        4.000000,       71.000000
       -0.099519,        0.098240,        4.000000,       71.000000
       -0.166682,        0.094064,        4.000000,       71.000000
       -0.205957,        0.088721,        4.000000,       71.000000
       -0.228220,        0.083955,        4.000000,       71.000000
       -0.207372,        0.082638,        4.000000,       71.000000
       -0.129323,        0.084035,        4.000000,       71.000000
       -0.025336,        0.084403,        4.000000,       71.000000
        0.065496,        0.085130,        4.000000,       71.000000
        0.095309,        0.091145,        4.000000,       71.000000
        0.119787,        0.111905,        4.000000,       71.000000
        0.146966,        0.160918,        4.000000,       71.000000
        0.176161,        0.238657,        4.000000,       71.000000
        0.025845,        0.207892,        5.000000,       71.000000
        0.042225,        0.135870,        5.000000,       71.000000
        0.056788,        0.097785,        5.000000,       71.000000
        0.067834,        0.088052,        5.000000,       71.000000
        0.067554,        0.087365,        5.000000,       71.000000
        0.063256,        0.085913,        5.000000,       71.000000
        0.061409,        0.081709,        5.000000,       71.000000
        0.073577,        0.076620,        5.000000,       71.000000
        0.060533,        0.077191,        5.000000,       71.000000
        0.017192,        0.090952,        5.000000,       71.000000
       -0.008091,        0.115445,        5.000000,       71.000000
       -0.018649,        0.134755,        5.000000,       71.000000
       -0.020637,        0.141357,        5.000000,       71.000000
       -0.019647,        0.133302,        5.000000,       71.000000
       -0.020821,        0.113065,        5.000000,       71.000000
       -0.031669,        0.089186,        5.000000,       71.000000
       -0.050024,        0.076735,        5.000000,       71.000000
       -0.055220,        0.076757,        5.000000,       71.000000
       -0.041495,        0.081928,        5.000000,       71.000000
       -0.010996,        0.085934,        5.000000,       71.000000
        0.031630,        0.087714,        5.000000,       71.000000
        0.060968,        0.088157,        5.000000,       71.000000
        0.073775,        0.087847,        5.000000,       71.000000
        0.075015,        0.086845,        5.000000,       71.000000
        0.043069,        0.084481,        5.000000,       71.000000
        0.002871,        0.080065,        5.000000,       71.000000
       -0.040160,        0.075102,        5.000000,       71.000000
       -0.102115,        0.072703,        5.000000,       71.000000
       -0.136276,        0.073007,        5.000000,       71.000000
       -0.165731,        0.072648,        5.000000,       71.000000
       -0.201701,        0.073107,        5.000000,       71.000000
       -0.229479,        0.078029,        5.000000,       71.000000
       -0.227784,        0.090267,        5.000000,       71.000000
       -0.206878,        0.116092,        5.000000,       71.000000
       -0.188213,        0.153918,        5.000000,       71.000000
       -0.174204,        0.187962,        5.000000,       71.000000
       -0.164968,        0.187364,        5.000000,       71.000000
        0.166294,        0.272360,        5.000000,       71.000000
        0.175602,        0.275667,        5.000000,       71.000000
        0.192029,        0.242369,        5.000000,       71.000000
        0.214348,        0.197039,        5.000000,       71.000000
        0.242421,        0.147938,        5.000000,       71.000000
        0.279507,        0.109300,        5.000000,       71.000000
        0.312286,        0.091932,        5.000000,       71.000000
        0.288849,        0.087504,        5.000000,       71.000000
        0.207294,        0.086122,        5.000000,       71.000000
        0.107163,        0.083383,        5.000000,       71.000000
        0.003925,        0.078972,        5.000000,       71.000000
       -0.067598,        0.076224,        5.000000,       71.000000
       -0.075489,        0.076870,        5.000000,       71.000000
       -0.051425,        0.076820,        5.000000,       71.000000
       -0.044289,        0.076264,        5.000000,       71.000000
       -0.089108,        0.078533,        5.000000,       71.000000
       -0.141338,        0.083671,        5.000000,       71.000000
       -0.168381,        0.088601,        5.000000,       71.000000
       -0.176177,        0.091065,        5.000000,       71.000000
       -0.173389,        0.091439,        5.000000,       71.000000
       -0.176683,        0.091600,        5.000000,       71.000000
       -0.185757,        0.090904,        5.000000,       71.000000
       -0.170247,        0.089649,        5.000000,       71.000000
       -0.139988,        0.086868,        5.000000,       71.000000
       -0.140893,        0.082464,        5.000000,       71.000000
       -0.172002,        0.078849,        5.000000,       71.000000
       -0.216515,        0.078933,        5.000000,       71.000000
       -0.278123,        0.081480,        5.000000,       71.000000
       -0.335794,        0.081545,        5.000000,       71.000000
       -0.335543,        0.080153,        5.000000,       71.000000
       -0.257652,        0.082777,        5.000000,       71.000000
       -0.171224,        0.099170,        5.000000,       71.000000
       -0.099935,        0.144449,        5.000000,       71.000000
       -0.027148,        0.220141,        5.000000,       71.000000
