      788.002700,        0.000000,        0.000000,        0.000000
     -199.353200,        0.000000,        0.000000,        0.000000
    -1676.758100,        0.000000,        0.000000,        0.000000
      -31.737100,        0.000000,        0.000000,        0.000000
     -932.468200,        0.000000,        0.000000,        0.000000
    -1675.639600,        0.000000,        0.000000,        0.000000
     -860.235900,        0.000000,        0.000000,        0.000000
     -138.386300,        0.000000,        0.000000,        0.000000
    -1668.392600,        0.000000,        0.000000,        0.000000
       -4.541000,        0.000000,        0.000000,        0.000000
      898.146200,        0.000000,        0.000000,        0.000000
    -1659.717000,        0.000000,        0.000000,        0.000000
       -0.048044,        0.008077,        0.000000,        0.000000
        0.020847,        0.008056,        0.000000,        0.000000
       -0.001848,        0.004024,        0.000000,        0.000000
        1.554700,        0.000000,        0.000000,        0.000000
       -1.269000,        0.000000,        0.000000,        0.000000
       23.729500,        0.000000,        0.000000,        0.000000
       -4.248678,        0.273876,        1.000000,       48.000000
       -3.483410,        0.115804,        1.000000,       48.000000
       -2.634723,        0.086568,        1.000000,       48.000000
       -1.841970,        0.081826,        1.000000,       48.000000
       -1.554484,        0.083376,        1.000000,       48.000000
       -1.491211,        0.077416,        1.000000,       48.000000
       -0.993223,        0.080014,        1.000000,       48.000000
       -0.503279,        0.085052,        1.000000,       48.000000
       -0.319867,        0.082689,        1.000000,       48.000000
       -0.690224,        0.079630,        1.000000,       48.000000
       -1.244433,        0.081848,        1.000000,       48.000000
       -1.505897,        0.080713,        1.000000,       48.000000
       -1.208246,        0.079159,        1.000000,       48.000000
       -0.850098,        0.083458,        1.000000,       48.000000
       -0.770119,        0.083417,        1.000000,       48.000000
       -1.093258,        0.083812,        1.000000,       48.000000
       -1.391299,        0.094263,        1.000000,       48.000000
       -1.469844,        0.080278,        1.000000,       48.000000
       -1.468945,        0.078353,        1.000000,       48.000000
       -1.357507,        0.079359,        1.000000,       48.000000
       -1.169708,        0.078023,        1.000000,       48.000000
       -1.083042,        0.079476,        1.000000,       48.000000
       -1.162169,        0.085618,        1.000000,       48.000000
       -1.115263,        0.079983,        1.000000,       48.000000
       -0.943413,        0.078682,        1.000000,       48.000000
       -1.124179,        0.080248,        1.000000,       48.000000
       -1.885087,        0.079199,        1.000000,       48.000000
       -3.062692,        0.080897,        1.000000,       48.000000
       -4.072391,        0.086625,        1.000000,       48.000000
       -4.605966,        0.083563,        1.000000,       48.000000
       -4.705106,        0.083927,        1.000000,       48.000000
       -4.570400,        0.084587,        1.000000,       48.000000
       -4.319649,        0.082511,        1.000000,       48.000000
       -4.133653,        0.077272,        1.000000,       48.000000
       -3.878335,        0.082172,        1.000000,       48.000000
       -3.329840,        0.079879,        1.000000,       48.000000
       -2.647135,        0.080505,        1.000000,       48.000000
       -2.760227,        0.090016,        1.000000,       48.000000
       -3.177180,        0.087507,        1.000000,       48.000000
       -3.176412,        0.080720,        1.000000,       48.000000
       -2.580739,        0.081913,        1.000000,       48.000000
       -1.771301,        0.083472,        1.000000,       48.000000
       -1.358532,        0.081761,        1.000000,       48.000000
       -1.562067,        0.084677,        1.000000,       48.000000
       -2.282279,        0.088995,        1.000000,       48.000000
       -2.909061,        0.083314,        1.000000,       48.000000
       -3.060396,        0.119891,        1.000000,       48.000000
       -3.189631,        0.267700,        1.000000,       48.000000
       -1.015778,        0.248503,        2.000000,       48.000000
       -0.632227,        0.171447,        2.000000,       48.000000
       -0.251740,        0.108807,        2.000000,       48.000000
        0.141520,        0.068339,        2.000000,       48.000000
        0.460787,        0.049027,        2.000000,       48.000000
        0.686010,        0.048082,        2.000000,       48.000000
        0.744721,        0.055559,        2.000000,       48.000000
        0.624234,        0.059732,        2.000000,       48.000000
        0.423950,        0.057998,        2.000000,       48.000000
        0.276402,        0.056080,        2.000000,       48.000000
        0.213803,        0.055546,        2.000000,       48.000000
        0.184935,        0.055505,        2.000000,       48.000000
        0.089425,        0.056411,        2.000000,       48.000000
        0.016197,        0.061453,        2.000000,       48.000000
        0.009105,        0.070824,        2.000000,       48.000000
        0.032669,        0.079246,        2.000000,       48.000000
        0.032922,        0.082706,        2.000000,       48.000000
        0.008253,        0.077057,        2.000000,       48.000000
       -0.049344,        0.064560,        2.000000,       48.000000
       -0.134656,        0.052209,        2.000000,       48.000000
       -0.227367,        0.049068,        2.000000,       48.000000
       -0.197452,        0.055034,        2.000000,       48.000000
       -0.100180,        0.058354,        2.000000,       48.000000
        0.001794,        0.056943,        2.000000,       48.000000
        0.104075,        0.055338,        2.000000,       48.000000
        0.156310,        0.055039,        2.000000,       48.000000
        0.193181,        0.055616,        2.000000,       48.000000
        0.255590,        0.057954,        2.000000,       48.000000
        0.348455,        0.064125,        2.000000,       48.000000
        0.440259,        0.072941,        2.000000,       48.000000
        0.515824,        0.079082,        2.000000,       48.000000
        0.558087,        0.079734,        2.000000,       48.000000
        0.555143,        0.071416,        2.000000,       48.000000
        0.499122,        0.058504,        2.000000,       48.000000
        0.380769,        0.047134,        2.000000,       48.000000
        0.264796,        0.047940,        2.000000,       48.000000
        0.214235,        0.056943,        2.000000,       48.000000
        0.174290,        0.061865,        2.000000,       48.000000
        0.187107,        0.060207,        2.000000,       48.000000
        0.255100,        0.058031,        2.000000,       48.000000
        0.303906,        0.056656,        2.000000,       48.000000
        0.321897,        0.056964,        2.000000,       48.000000
        0.290670,        0.058034,        2.000000,       48.000000
        0.181394,        0.060843,        2.000000,       48.000000
        0.143584,        0.070140,        2.000000,       48.000000
        0.228713,        0.092836,        2.000000,       48.000000
        0.376698,        0.135659,        2.000000,       48.000000
        0.521270,        0.198708,        2.000000,       48.000000
        0.282892,        0.142346,        3.000000,       48.000000
        0.066595,        0.085005,        3.000000,       48.000000
       -0.158602,        0.058940,        3.000000,       48.000000
       -0.294551,        0.063655,        3.000000,       48.000000
       -0.376949,        0.069842,        3.000000,       48.000000
       -0.430626,        0.071180,        3.000000,       48.000000
       -0.388213,        0.066520,        3.000000,       48.000000
       -0.254966,        0.061415,        3.000000,       48.000000
       -0.130744,        0.056857,        3.000000,       48.000000
       -0.076673,        0.055281,        3.000000,       48.000000
       -0.083079,        0.056257,        3.000000,       48.000000
       -0.096566,        0.056250,        3.000000,       48.000000
       -0.147608,        0.055730,        3.000000,       48.000000
       -0.214683,        0.058522,        3.000000,       48.000000
       -0.205986,        0.064585,        3.000000,       48.000000
       -0.116935,        0.067765,        3.000000,       48.000000
       -0.025090,        0.063459,        3.000000,       48.000000
        0.029821,        0.056423,        3.000000,       48.000000
        0.003834,        0.058542,        3.000000,       48.000000
       -0.060879,        0.064726,        3.000000,       48.000000
       -0.093510,        0.066856,        3.000000,       48.000000
       -0.092540,        0.063809,        3.000000,       48.000000
       -0.079042,        0.059382,        3.000000,       48.000000
       -0.017516,        0.055961,        3.000000,       48.000000
        0.028352,        0.055193,        3.000000,       48.000000
        0.035101,        0.055542,        3.000000,       48.000000
        0.030135,        0.055749,        3.000000,       48.000000
        0.030334,        0.056549,        3.000000,       48.000000
        0.032524,        0.060526,        3.000000,       48.000000
        0.042275,        0.065877,        3.000000,       48.000000
        0.040126,        0.065658,        3.000000,       48.000000
        0.013857,        0.059416,        3.000000,       48.000000
       -0.041397,        0.055417,        3.000000,       48.000000
       -0.157514,        0.060716,        3.000000,       48.000000
       -0.342604,        0.066662,        3.000000,       48.000000
       -0.534909,        0.067960,        3.000000,       48.000000
       -0.610718,        0.065983,        3.000000,       48.000000
       -0.538748,        0.063704,        3.000000,       48.000000
       -0.383843,        0.059123,        3.000000,       48.000000
       -0.166323,        0.056254,        3.000000,       48.000000
        0.025180,        0.056756,        3.000000,       48.000000
        0.180241,        0.057659,        3.000000,       48.000000
        0.345931,        0.057792,        3.000000,       48.000000
        0.491782,        0.058664,        3.000000,       48.000000
        0.520835,        0.067192,        3.000000,       48.000000
        0.507715,        0.093823,        3.000000,       48.000000
        0.483732,        0.142852,        3.000000,       48.000000
        0.464311,        0.210809,        3.000000,       48.000000
        0.123919,        0.173171,        4.000000,       48.000000
        0.012470,        0.113757,        4.000000,       48.000000
       -0.100282,        0.078146,        4.000000,       48.000000
       -0.195339,        0.065824,        4.000000,       48.000000
       -0.267962,        0.063157,        4.000000,       48.000000
       -0.331838,        0.063199,        4.000000,       48.000000
       -0.338268,        0.064012,        4.000000,       48.000000
       -0.294051,        0.064885,        4.000000,       48.000000
       -0.220543,        0.063502,        4.000000,       48.000000
       -0.136437,        0.062472,        4.000000,       48.000000
       -0.082207,        0.063224,        4.000000,       48.000000
       -0.059024,        0.063590,        4.000000,       48.000000
       -0.020497,        0.064033,        4.000000,       48.000000
        0.010861,        0.067306,        4.000000,       48.000000
        0.014213,        0.072112,        4.000000,       48.000000
        0.004082,        0.075333,        4.000000,       48.000000
       -0.034923,        0.075427,        4.000000,       48.000000
       -0.079911,        0.070810,        4.000000,       48.000000
       -0.116649,        0.066477,        4.000000,       48.000000
       -0.150256,        0.064294,        4.000000,       48.000000
       -0.175583,        0.063862,        4.000000,       48.000000
       -0.213203,        0.064523,        4.000000,       48.000000
       -0.241067,        0.064723,        4.000000,       48.000000
       -0.251970,        0.063678,        4.000000,       48.000000
       -0.250805,        0.063184,        4.000000,       48.000000
       -0.244083,        0.063666,        4.000000,       48.000000
       -0.246675,        0.064072,        4.000000,       48.000000
       -0.263918,        0.065083,        4.000000,       48.000000
       -0.263004,        0.068399,        4.000000,       48.000000
       -0.246063,        0.072405,        4.000000,       48.000000
       -0.225700,        0.073970,        4.000000,       48.000000
       -0.193091,        0.072265,        4.000000,       48.000000
       -0.169598,        0.067560,        4.000000,       48.000000
       -0.147407,        0.064478,        4.000000,       48.000000
       -0.127637,        0.062790,        4.000000,       48.000000
       -0.125227,        0.062539,        4.000000,       48.000000
       -0.119811,        0.064176,        4.000000,       48.000000
       -0.086714,        0.066071,        4.000000,       48.000000
       -0.027724,        0.064902,        4.000000,       48.000000
        0.031077,        0.063660,        4.000000,       48.000000
        0.043817,        0.063646,        4.000000,       48.000000
        0.008942,        0.064208,        4.000000,       48.000000
       -0.052051,        0.064596,        4.000000,       48.000000
       -0.135443,        0.066196,        4.000000,       48.000000
       -0.230303,        0.071846,        4.000000,       48.000000
       -0.326935,        0.087214,        4.000000,       48.000000
       -0.427731,        0.123497,        4.000000,       48.000000
       -0.528415,        0.183013,        4.000000,       48.000000
       -0.064647,        0.161871,        5.000000,       48.000000
       -0.102759,        0.102836,        5.000000,       48.000000
       -0.143244,        0.068723,        5.000000,       48.000000
       -0.184222,        0.060011,        5.000000,       48.000000
       -0.224764,        0.060008,        5.000000,       48.000000
       -0.266405,        0.061121,        5.000000,       48.000000
       -0.269900,        0.061863,        5.000000,       48.000000
       -0.251837,        0.062026,        5.000000,       48.000000
       -0.210029,        0.060489,        5.000000,       48.000000
       -0.145147,        0.059556,        5.000000,       48.000000
       -0.120608,        0.059803,        5.000000,       48.000000
       -0.109214,        0.059987,        5.000000,       48.000000
       -0.102402,        0.060002,        5.000000,       48.000000
       -0.101402,        0.061967,        5.000000,       48.000000
       -0.078782,        0.065999,        5.000000,       48.000000
       -0.051310,        0.068916,        5.000000,       48.000000
       -0.008224,        0.069274,        5.000000,       48.000000
        0.038593,        0.065602,        5.000000,       48.000000
        0.055820,        0.062363,        5.000000,       48.000000
        0.042084,        0.060794,        5.000000,       48.000000
        0.029245,        0.060672,        5.000000,       48.000000
        0.034070,        0.061456,        5.000000,       48.000000
        0.057517,        0.061723,        5.000000,       48.000000
        0.080518,        0.059913,        5.000000,       48.000000
        0.069576,        0.059074,        5.000000,       48.000000
        0.054085,        0.059497,        5.000000,       48.000000
        0.053491,        0.059192,        5.000000,       48.000000
        0.053332,        0.060190,        5.000000,       48.000000
        0.055360,        0.063804,        5.000000,       48.000000
        0.070299,        0.067426,        5.000000,       48.000000
        0.085285,        0.068906,        5.000000,       48.000000
        0.080135,        0.067585,        5.000000,       48.000000
        0.034592,        0.064046,        5.000000,       48.000000
       -0.039456,        0.061371,        5.000000,       48.000000
       -0.119981,        0.059720,        5.000000,       48.000000
       -0.200900,        0.059642,        5.000000,       48.000000
       -0.247245,        0.061321,        5.000000,       48.000000
       -0.251934,        0.063284,        5.000000,       48.000000
       -0.222746,        0.061369,        5.000000,       48.000000
       -0.176889,        0.059291,        5.000000,       48.000000
       -0.125813,        0.059461,        5.000000,       48.000000
       -0.063614,        0.059953,        5.000000,       48.000000
        0.009237,        0.059813,        5.000000,       48.000000
        0.080793,        0.061660,        5.000000,       48.000000
        0.122007,        0.067167,        5.000000,       48.000000
        0.123175,        0.080830,        5.000000,       48.000000
        0.116784,        0.115657,        5.000000,       48.000000
        0.109864,        0.174248,        5.000000,       48.000000
