      788.002700,        0.000000,        0.000000,        0.000000
     -199.353200,        0.000000,        0.000000,        0.000000
    -1676.758100,        0.000000,        0.000000,        0.000000
      -31.737100,        0.000000,        0.000000,        0.000000
     -932.468200,        0.000000,        0.000000,        0.000000
    -1675.639600,        0.000000,        0.000000,        0.000000
     -860.235900,        0.000000,        0.000000,        0.000000
     -138.386300,        0.000000,        0.000000,        0.000000
    -1668.392600,        0.000000,        0.000000,        0.000000
       -4.541000,        0.000000,        0.000000,        0.000000
      898.146200,        0.000000,        0.000000,        0.000000
    -1659.717000,        0.000000,        0.000000,        0.000000
        0.235089,        0.012690,        0.000000,        0.000000
       -0.055652,        0.011828,        0.000000,        0.000000
        0.108111,        0.006179,        0.000000,        0.000000
       -1.754200,        0.000000,        0.000000,        0.000000
       -0.735200,        0.000000,        0.000000,        0.000000
       31.371200,        0.000000,        0.000000,        0.000000
      -16.168822,        0.274929,        1.000000,       71.000000
      -15.590749,        0.190957,        1.000000,       71.000000
      -15.009687,        0.141005,        1.000000,       71.000000
      -14.510911,        0.122939,        1.000000,       71.000000
      -14.242332,        0.119168,        1.000000,       71.000000
      -14.290036,        0.116745,        1.000000,       71.000000
      -14.681818,        0.112265,        1.000000,       71.000000
      -15.406497,        0.106008,        1.000000,       71.000000
      -16.353228,        0.100357,        1.000000,       71.000000
      -17.335854,        0.098578,        1.000000,       71.000000
      -18.142060,        0.099198,        1.000000,       71.000000
      -18.691247,        0.101447,        1.000000,       71.000000
      -18.926690,        0.106179,        1.000000,       71.000000
      -18.844890,        0.111169,        1.000000,       71.000000
      -18.533904,        0.114409,        1.000000,       71.000000
      -18.050639,        0.114129,        1.000000,       71.000000
      -17.406410,        0.112310,        1.000000,       71.000000
      -16.628538,        0.110272,        1.000000,       71.000000
      -15.720708,        0.108246,        1.000000,       71.000000
      -14.673712,        0.105172,        1.000000,       71.000000
      -13.583333,        0.101350,        1.000000,       71.000000
      -12.474719,        0.098535,        1.000000,       71.000000
      -11.430687,        0.097661,        1.000000,       71.000000
      -10.530159,        0.098266,        1.000000,       71.000000
       -9.847191,        0.104636,        1.000000,       71.000000
       -9.401028,        0.122137,        1.000000,       71.000000
       -9.139599,        0.152904,        1.000000,       71.000000
       -8.946738,        0.194067,        1.000000,       71.000000
       -8.815094,        0.231649,        1.000000,       71.000000
       -8.767238,        0.231378,        1.000000,       71.000000
        4.413468,        0.381956,        1.000000,       71.000000
        4.460644,        0.382834,        1.000000,       71.000000
        4.439606,        0.343979,        1.000000,       71.000000
        4.368712,        0.291099,        1.000000,       71.000000
        4.242767,        0.231638,        1.000000,       71.000000
        4.064461,        0.176633,        1.000000,       71.000000
        3.828494,        0.139778,        1.000000,       71.000000
        3.574380,        0.121662,        1.000000,       71.000000
        3.371046,        0.115039,        1.000000,       71.000000
        3.293034,        0.112225,        1.000000,       71.000000
        3.384407,        0.108649,        1.000000,       71.000000
        3.637383,        0.105779,        1.000000,       71.000000
        3.969209,        0.110036,        1.000000,       71.000000
        4.328989,        0.125110,        1.000000,       71.000000
        4.680890,        0.143062,        1.000000,       71.000000
        5.031869,        0.151871,        1.000000,       71.000000
        5.392817,        0.147559,        1.000000,       71.000000
        5.772335,        0.132047,        1.000000,       71.000000
        6.184262,        0.115138,        1.000000,       71.000000
        6.611076,        0.108196,        1.000000,       71.000000
        7.019761,        0.110495,        1.000000,       71.000000
        7.357109,        0.114937,        1.000000,       71.000000
        7.591724,        0.116774,        1.000000,       71.000000
        7.742160,        0.115698,        1.000000,       71.000000
        7.864926,        0.115860,        1.000000,       71.000000
        8.016728,        0.120373,        1.000000,       71.000000
        8.171173,        0.132418,        1.000000,       71.000000
        8.275845,        0.152111,        1.000000,       71.000000
        8.296707,        0.171245,        1.000000,       71.000000
        8.225505,        0.180386,        1.000000,       71.000000
        8.050553,        0.176017,        1.000000,       71.000000
        7.761127,        0.158620,        1.000000,       71.000000
        7.346086,        0.133087,        1.000000,       71.000000
        6.795002,        0.111186,        1.000000,       71.000000
        6.102555,        0.101209,        1.000000,       71.000000
        5.415704,        0.099235,        1.000000,       71.000000
        4.973801,        0.100860,        1.000000,       71.000000
        4.871519,        0.110486,        1.000000,       71.000000
        4.989367,        0.137497,        1.000000,       71.000000
        5.160748,        0.194592,        1.000000,       71.000000
        5.329298,        0.281733,        1.000000,       71.000000
        0.920966,        0.265787,        2.000000,       71.000000
        0.717362,        0.221512,        2.000000,       71.000000
        0.513821,        0.182423,        2.000000,       71.000000
        0.310086,        0.149588,        2.000000,       71.000000
        0.108271,        0.123987,        2.000000,       71.000000
       -0.079543,        0.105975,        2.000000,       71.000000
       -0.235579,        0.094734,        2.000000,       71.000000
       -0.343426,        0.088477,        2.000000,       71.000000
       -0.386303,        0.085799,        2.000000,       71.000000
       -0.350354,        0.085724,        2.000000,       71.000000
       -0.242578,        0.087491,        2.000000,       71.000000
       -0.083918,        0.090419,        2.000000,       71.000000
        0.112653,        0.093920,        2.000000,       71.000000
        0.332666,        0.097004,        2.000000,       71.000000
        0.562546,        0.098699,        2.000000,       71.000000
        0.787653,        0.098512,        2.000000,       71.000000
        0.992270,        0.096506,        2.000000,       71.000000
        1.160559,        0.093371,        2.000000,       71.000000
        1.281898,        0.089968,        2.000000,       71.000000
        1.347325,        0.086805,        2.000000,       71.000000
        1.356335,        0.084359,        2.000000,       71.000000
        1.318033,        0.083676,        2.000000,       71.000000
        1.253858,        0.085882,        2.000000,       71.000000
        1.180321,        0.091976,        2.000000,       71.000000
        1.109740,        0.102321,        2.000000,       71.000000
        1.045911,        0.116101,        2.000000,       71.000000
        0.994850,        0.131246,        2.000000,       71.000000
        0.959047,        0.145069,        2.000000,       71.000000
        0.936774,        0.155353,        2.000000,       71.000000
        0.933042,        0.154984,        2.000000,       71.000000
       -0.072142,        0.241338,        2.000000,       71.000000
       -0.075743,        0.242047,        2.000000,       71.000000
       -0.068449,        0.231875,        2.000000,       71.000000
       -0.053202,        0.216564,        2.000000,       71.000000
       -0.029243,        0.197255,        2.000000,       71.000000
        0.003206,        0.175803,        2.000000,       71.000000
        0.044143,        0.153854,        2.000000,       71.000000
        0.093664,        0.133289,        2.000000,       71.000000
        0.151146,        0.116093,        2.000000,       71.000000
        0.214172,        0.103698,        2.000000,       71.000000
        0.278753,        0.096272,        2.000000,       71.000000
        0.336356,        0.093194,        2.000000,       71.000000
        0.382549,        0.093743,        2.000000,       71.000000
        0.417620,        0.096519,        2.000000,       71.000000
        0.444343,        0.099663,        2.000000,       71.000000
        0.465123,        0.101642,        2.000000,       71.000000
        0.482357,        0.102005,        2.000000,       71.000000
        0.498296,        0.101128,        2.000000,       71.000000
        0.515777,        0.100199,        2.000000,       71.000000
        0.533961,        0.100311,        2.000000,       71.000000
        0.549923,        0.101528,        2.000000,       71.000000
        0.563189,        0.103013,        2.000000,       71.000000
        0.572942,        0.104145,        2.000000,       71.000000
        0.576518,        0.104780,        2.000000,       71.000000
        0.572130,        0.105461,        2.000000,       71.000000
        0.555225,        0.107074,        2.000000,       71.000000
        0.521820,        0.109963,        2.000000,       71.000000
        0.479643,        0.113331,        2.000000,       71.000000
        0.434699,        0.115860,        2.000000,       71.000000
        0.389640,        0.116401,        2.000000,       71.000000
        0.347631,        0.114344,        2.000000,       71.000000
        0.311673,        0.109663,        2.000000,       71.000000
        0.284916,        0.103019,        2.000000,       71.000000
        0.270076,        0.096107,        2.000000,       71.000000
        0.271549,        0.091418,        2.000000,       71.000000
        0.297655,        0.091763,        2.000000,       71.000000
        0.351319,        0.099982,        2.000000,       71.000000
        0.417505,        0.117899,        2.000000,       71.000000
        0.489166,        0.145183,        2.000000,       71.000000
        0.563417,        0.180232,        2.000000,       71.000000
        0.637642,        0.221537,        2.000000,       71.000000
       -1.177887,        0.188804,        3.000000,       71.000000
       -1.133697,        0.157756,        3.000000,       71.000000
       -1.089162,        0.134387,        3.000000,       71.000000
       -1.055654,        0.118344,        3.000000,       71.000000
       -1.042521,        0.107619,        3.000000,       71.000000
       -1.048251,        0.099990,        3.000000,       71.000000
       -1.071679,        0.094015,        3.000000,       71.000000
       -1.107298,        0.089277,        3.000000,       71.000000
       -1.150045,        0.085892,        3.000000,       71.000000
       -1.193948,        0.084179,        3.000000,       71.000000
       -1.232082,        0.083987,        3.000000,       71.000000
       -1.265130,        0.085059,        3.000000,       71.000000
       -1.296116,        0.087050,        3.000000,       71.000000
       -1.330441,        0.089275,        3.000000,       71.000000
       -1.359649,        0.090904,        3.000000,       71.000000
       -1.375885,        0.091686,        3.000000,       71.000000
       -1.375052,        0.091802,        3.000000,       71.000000
       -1.354281,        0.091033,        3.000000,       71.000000
       -1.315910,        0.089086,        3.000000,       71.000000
       -1.265649,        0.086224,        3.000000,       71.000000
       -1.208301,        0.083501,        3.000000,       71.000000
       -1.139206,        0.082288,        3.000000,       71.000000
       -1.061406,        0.083988,        3.000000,       71.000000
       -0.983297,        0.089689,        3.000000,       71.000000
       -0.909903,        0.099888,        3.000000,       71.000000
       -0.854332,        0.113832,        3.000000,       71.000000
       -0.817179,        0.129382,        3.000000,       71.000000
       -0.792745,        0.143538,        3.000000,       71.000000
       -0.779605,        0.154018,        3.000000,       71.000000
       -0.781790,        0.153642,        3.000000,       71.000000
       -1.438052,        0.197921,        3.000000,       71.000000
       -1.440265,        0.198477,        3.000000,       71.000000
       -1.433506,        0.188614,        3.000000,       71.000000
       -1.420044,        0.174581,        3.000000,       71.000000
       -1.399212,        0.158072,        3.000000,       71.000000
       -1.371001,        0.141462,        3.000000,       71.000000
       -1.335700,        0.126932,        3.000000,       71.000000
       -1.293592,        0.115405,        3.000000,       71.000000
       -1.241232,        0.106661,        3.000000,       71.000000
       -1.178017,        0.100194,        3.000000,       71.000000
       -1.103434,        0.095799,        3.000000,       71.000000
       -1.015426,        0.093642,        3.000000,       71.000000
       -0.917202,        0.093754,        3.000000,       71.000000
       -0.815380,        0.095646,        3.000000,       71.000000
       -0.718500,        0.098125,        3.000000,       71.000000
       -0.626980,        0.099738,        3.000000,       71.000000
       -0.541084,        0.099789,        3.000000,       71.000000
       -0.461198,        0.098404,        3.000000,       71.000000
       -0.387368,        0.096519,        3.000000,       71.000000
       -0.322022,        0.095456,        3.000000,       71.000000
       -0.267157,        0.095801,        3.000000,       71.000000
       -0.226464,        0.097263,        3.000000,       71.000000
       -0.203511,        0.099548,        3.000000,       71.000000
       -0.199857,        0.102922,        3.000000,       71.000000
       -0.213652,        0.107368,        3.000000,       71.000000
       -0.245083,        0.112122,        3.000000,       71.000000
       -0.290883,        0.116297,        3.000000,       71.000000
       -0.348040,        0.119339,        3.000000,       71.000000
       -0.416384,        0.120478,        3.000000,       71.000000
       -0.498805,        0.119040,        3.000000,       71.000000
       -0.597764,        0.114815,        3.000000,       71.000000
       -0.715816,        0.108092,        3.000000,       71.000000
       -0.855567,        0.099825,        3.000000,       71.000000
       -1.019329,        0.091901,        3.000000,       71.000000
       -1.211660,        0.086679,        3.000000,       71.000000
       -1.420038,        0.086867,        3.000000,       71.000000
       -1.630556,        0.095320,        3.000000,       71.000000
       -1.831623,        0.113741,        3.000000,       71.000000
       -2.031217,        0.141745,        3.000000,       71.000000
       -2.232164,        0.177575,        3.000000,       71.000000
       -2.432989,        0.219521,        3.000000,       71.000000
        0.052707,        0.169817,        4.000000,       71.000000
        0.033996,        0.138630,        4.000000,       71.000000
        0.015025,        0.115146,        4.000000,       71.000000
       -0.000581,        0.099361,        4.000000,       71.000000
       -0.008018,        0.089703,        4.000000,       71.000000
       -0.007407,        0.083918,        4.000000,       71.000000
       -0.000750,        0.080160,        4.000000,       71.000000
        0.008632,        0.077375,        4.000000,       71.000000
        0.013335,        0.075423,        4.000000,       71.000000
        0.008905,        0.074617,        4.000000,       71.000000
       -0.003663,        0.074896,        4.000000,       71.000000
       -0.015747,        0.076074,        4.000000,       71.000000
       -0.024759,        0.077986,        4.000000,       71.000000
       -0.032705,        0.079990,        4.000000,       71.000000
       -0.038373,        0.081465,        4.000000,       71.000000
       -0.041978,        0.081989,        4.000000,       71.000000
       -0.044381,        0.081610,        4.000000,       71.000000
       -0.044612,        0.080528,        4.000000,       71.000000
       -0.042936,        0.078923,        4.000000,       71.000000
       -0.043384,        0.076976,        4.000000,       71.000000
       -0.048307,        0.075059,        4.000000,       71.000000
       -0.053119,        0.073833,        4.000000,       71.000000
       -0.056865,        0.074029,        4.000000,       71.000000
       -0.061617,        0.076503,        4.000000,       71.000000
       -0.061558,        0.082173,        4.000000,       71.000000
       -0.052350,        0.091458,        4.000000,       71.000000
       -0.042907,        0.103372,        4.000000,       71.000000
       -0.036491,        0.115741,        4.000000,       71.000000
       -0.032790,        0.125766,        4.000000,       71.000000
       -0.032806,        0.125534,        4.000000,       71.000000
       -0.044029,        0.184294,        4.000000,       71.000000
       -0.044070,        0.184772,        4.000000,       71.000000
       -0.045944,        0.174399,        4.000000,       71.000000
       -0.049152,        0.159680,        4.000000,       71.000000
       -0.053832,        0.142341,        4.000000,       71.000000
       -0.059898,        0.124807,        4.000000,       71.000000
       -0.067519,        0.109390,        4.000000,       71.000000
       -0.075754,        0.097320,        4.000000,       71.000000
       -0.080644,        0.088894,        4.000000,       71.000000
       -0.081305,        0.083716,        4.000000,       71.000000
       -0.081696,        0.081120,        4.000000,       71.000000
       -0.082720,        0.080713,        4.000000,       71.000000
       -0.082679,        0.082336,        4.000000,       71.000000
       -0.085821,        0.085402,        4.000000,       71.000000
       -0.091999,        0.088615,        4.000000,       71.000000
       -0.100242,        0.090401,        4.000000,       71.000000
       -0.109869,        0.090148,        4.000000,       71.000000
       -0.120207,        0.088126,        4.000000,       71.000000
       -0.130267,        0.085539,        4.000000,       71.000000
       -0.140774,        0.083849,        4.000000,       71.000000
       -0.150998,        0.083543,        4.000000,       71.000000
       -0.158007,        0.084175,        4.000000,       71.000000
       -0.160913,        0.085212,        4.000000,       71.000000
       -0.162317,        0.086499,        4.000000,       71.000000
       -0.167160,        0.088330,        4.000000,       71.000000
       -0.177135,        0.090958,        4.000000,       71.000000
       -0.188357,        0.094372,        4.000000,       71.000000
       -0.199845,        0.098075,        4.000000,       71.000000
       -0.210246,        0.100869,        4.000000,       71.000000
       -0.218383,        0.101575,        4.000000,       71.000000
       -0.222987,        0.099648,        4.000000,       71.000000
       -0.222764,        0.095176,        4.000000,       71.000000
       -0.216617,        0.088943,        4.000000,       71.000000
       -0.202676,        0.082642,        4.000000,       71.000000
       -0.183598,        0.078056,        4.000000,       71.000000
       -0.161458,        0.076402,        4.000000,       71.000000
       -0.138281,        0.079283,        4.000000,       71.000000
       -0.116323,        0.088834,        4.000000,       71.000000
       -0.093649,        0.106512,        4.000000,       71.000000
       -0.071194,        0.132699,        4.000000,       71.000000
       -0.048813,        0.166453,        4.000000,       71.000000
       -0.213057,        0.157398,        5.000000,       71.000000
       -0.223911,        0.126819,        5.000000,       71.000000
       -0.235085,        0.104381,        5.000000,       71.000000
       -0.239788,        0.090181,        5.000000,       71.000000
       -0.237004,        0.082214,        5.000000,       71.000000
       -0.236386,        0.077759,        5.000000,       71.000000
       -0.240843,        0.074799,        5.000000,       71.000000
       -0.246384,        0.072354,        5.000000,       71.000000
       -0.250807,        0.070396,        5.000000,       71.000000
       -0.255758,        0.069318,        5.000000,       71.000000
       -0.267464,        0.069211,        5.000000,       71.000000
       -0.288276,        0.069979,        5.000000,       71.000000
       -0.317447,        0.071535,        5.000000,       71.000000
       -0.351076,        0.073346,        5.000000,       71.000000
       -0.391075,        0.074739,        5.000000,       71.000000
       -0.433719,        0.075325,        5.000000,       71.000000
       -0.475779,        0.075151,        5.000000,       71.000000
       -0.515757,        0.074331,        5.000000,       71.000000
       -0.548733,        0.072985,        5.000000,       71.000000
       -0.561808,        0.071214,        5.000000,       71.000000
       -0.552666,        0.069329,        5.000000,       71.000000
       -0.538657,        0.068014,        5.000000,       71.000000
       -0.529326,        0.068029,        5.000000,       71.000000
       -0.526625,        0.070134,        5.000000,       71.000000
       -0.535683,        0.075468,        5.000000,       71.000000
       -0.546654,        0.084491,        5.000000,       71.000000
       -0.553405,        0.096304,        5.000000,       71.000000
       -0.557488,        0.108778,        5.000000,       71.000000
       -0.559419,        0.118985,        5.000000,       71.000000
       -0.558320,        0.118764,        5.000000,       71.000000
       -0.245094,        0.174321,        5.000000,       71.000000
       -0.243982,        0.174772,        5.000000,       71.000000
       -0.243023,        0.164187,        5.000000,       71.000000
       -0.242196,        0.149276,        5.000000,       71.000000
       -0.241500,        0.131859,        5.000000,       71.000000
       -0.241013,        0.114493,        5.000000,       71.000000
       -0.240478,        0.099668,        5.000000,       71.000000
       -0.241204,        0.088503,        5.000000,       71.000000
       -0.247537,        0.081128,        5.000000,       71.000000
       -0.254220,        0.076842,        5.000000,       71.000000
       -0.262713,        0.074762,        5.000000,       71.000000
       -0.273375,        0.074466,        5.000000,       71.000000
       -0.280852,        0.076043,        5.000000,       71.000000
       -0.278889,        0.079153,        5.000000,       71.000000
       -0.262793,        0.082356,        5.000000,       71.000000
       -0.236588,        0.083974,        5.000000,       71.000000
       -0.203736,        0.083403,        5.000000,       71.000000
       -0.167686,        0.081023,        5.000000,       71.000000
       -0.132504,        0.078267,        5.000000,       71.000000
       -0.099440,        0.076707,        5.000000,       71.000000
       -0.064904,        0.076595,        5.000000,       71.000000
       -0.032000,        0.077342,        5.000000,       71.000000
       -0.002952,        0.078359,        5.000000,       71.000000
        0.019424,        0.079553,        5.000000,       71.000000
        0.031949,        0.081346,        5.000000,       71.000000
        0.037997,        0.083959,        5.000000,       71.000000
        0.037623,        0.087388,        5.000000,       71.000000
        0.026053,        0.091183,        5.000000,       71.000000
        0.004267,        0.094120,        5.000000,       71.000000
       -0.022342,        0.094904,        5.000000,       71.000000
       -0.049267,        0.092961,        5.000000,       71.000000
       -0.071721,        0.088402,        5.000000,       71.000000
       -0.085161,        0.082096,        5.000000,       71.000000
       -0.084340,        0.075878,        5.000000,       71.000000
       -0.066935,        0.071357,        5.000000,       71.000000
       -0.042287,        0.069500,        5.000000,       71.000000
       -0.017899,        0.071569,        5.000000,       71.000000
       -0.000711,        0.079675,        5.000000,       71.000000
        0.007829,        0.095766,        5.000000,       71.000000
        0.012590,        0.120539,        5.000000,       71.000000
        0.017635,        0.153142,        5.000000,       71.000000
