      788.002700,        0.000000,        0.000000,        0.000000
     -199.353200,        0.000000,        0.000000,        0.000000
    -1676.758100,        0.000000,        0.000000,        0.000000
      -31.737100,        0.000000,        0.000000,        0.000000
     -932.468200,        0.000000,        0.000000,        0.000000
    -1675.639600,        0.000000,        0.000000,        0.000000
     -860.235900,        0.000000,        0.000000,        0.000000
     -138.386300,        0.000000,        0.000000,        0.000000
    -1668.392600,        0.000000,        0.000000,        0.000000
       -4.541000,        0.000000,        0.000000,        0.000000
      898.146200,        0.000000,        0.000000,        0.000000
    -1659.717000,        0.000000,        0.000000,        0.000000
        0.139051,        0.010866,        0.000000,        0.000000
        0.006434,        0.010195,        0.000000,        0.000000
        0.051551,        0.005330,        0.000000,        0.000000
        1.691976,        0.003757,        0.000000,        0.000000
       -1.260235,        0.004775,        0.000000,        0.000000
       23.729500,        0.000000,        0.000000,        0.000000
       -8.193018,        0.230199,        1.000000,       71.000000
       -8.130404,        0.162588,        1.000000,       71.000000
       -8.066649,        0.119680,        1.000000,       71.000000
       -7.979606,        0.101306,        1.000000,       71.000000
       -7.836454,        0.096521,        1.000000,       71.000000
       -7.625381,        0.095303,        1.000000,       71.000000
       -7.362056,        0.093467,        1.000000,       71.000000
       -7.070688,        0.092502,        1.000000,       71.000000
       -6.768619,        0.097264,        1.000000,       71.000000
       -6.507717,        0.111205,        1.000000,       71.000000
       -6.302752,        0.129749,        1.000000,       71.000000
       -6.144391,        0.143779,        1.000000,       71.000000
       -6.031074,        0.148578,        1.000000,       71.000000
       -5.959219,        0.142858,        1.000000,       71.000000
       -5.925607,        0.128237,        1.000000,       71.000000
       -5.927594,        0.109987,        1.000000,       71.000000
       -5.959397,        0.097174,        1.000000,       71.000000
       -5.992864,        0.093553,        1.000000,       71.000000
       -6.025241,        0.095141,        1.000000,       71.000000
       -6.082921,        0.097184,        1.000000,       71.000000
       -6.229069,        0.097856,        1.000000,       71.000000
       -6.490030,        0.097587,        1.000000,       71.000000
       -6.845297,        0.096958,        1.000000,       71.000000
       -7.209299,        0.095838,        1.000000,       71.000000
       -7.506002,        0.094005,        1.000000,       71.000000
       -7.714447,        0.091241,        1.000000,       71.000000
       -7.825992,        0.088800,        1.000000,       71.000000
       -7.885246,        0.087683,        1.000000,       71.000000
       -7.932852,        0.087828,        1.000000,       71.000000
       -7.961700,        0.088209,        1.000000,       71.000000
       -7.916121,        0.090114,        1.000000,       71.000000
       -7.790588,        0.097107,        1.000000,       71.000000
       -7.597104,        0.112713,        1.000000,       71.000000
       -7.411281,        0.138735,        1.000000,       71.000000
       -7.264352,        0.170361,        1.000000,       71.000000
       -7.147877,        0.197069,        1.000000,       71.000000
       -7.071102,        0.195565,        1.000000,       71.000000
       -4.274359,        0.263690,        1.000000,       71.000000
       -4.198050,        0.267298,        1.000000,       71.000000
       -4.096723,        0.240907,        1.000000,       71.000000
       -3.974609,        0.203999,        1.000000,       71.000000
       -3.829189,        0.162836,        1.000000,       71.000000
       -3.658405,        0.127360,        1.000000,       71.000000
       -3.463651,        0.105981,        1.000000,       71.000000
       -3.253961,        0.096870,        1.000000,       71.000000
       -3.047283,        0.093865,        1.000000,       71.000000
       -2.870511,        0.092031,        1.000000,       71.000000
       -2.730775,        0.090067,        1.000000,       71.000000
       -2.638149,        0.088836,        1.000000,       71.000000
       -2.606902,        0.088771,        1.000000,       71.000000
       -2.652544,        0.089173,        1.000000,       71.000000
       -2.756253,        0.089869,        1.000000,       71.000000
       -2.908478,        0.092082,        1.000000,       71.000000
       -3.114485,        0.095583,        1.000000,       71.000000
       -3.384404,        0.098713,        1.000000,       71.000000
       -3.723213,        0.100371,        1.000000,       71.000000
       -4.148263,        0.100484,        1.000000,       71.000000
       -4.659546,        0.100102,        1.000000,       71.000000
       -5.231266,        0.099472,        1.000000,       71.000000
       -5.854996,        0.098506,        1.000000,       71.000000
       -6.534199,        0.096427,        1.000000,       71.000000
       -7.221895,        0.093502,        1.000000,       71.000000
       -7.766540,        0.091091,        1.000000,       71.000000
       -8.038749,        0.090759,        1.000000,       71.000000
       -8.025213,        0.091713,        1.000000,       71.000000
       -7.781464,        0.092075,        1.000000,       71.000000
       -7.388519,        0.093524,        1.000000,       71.000000
       -6.907228,        0.101003,        1.000000,       71.000000
       -6.377880,        0.123243,        1.000000,       71.000000
       -5.840746,        0.169455,        1.000000,       71.000000
       -5.303755,        0.238790,        1.000000,       71.000000
        0.491365,        0.210719,        2.000000,       71.000000
        0.544668,        0.175586,        2.000000,       71.000000
        0.597923,        0.144704,        2.000000,       71.000000
        0.651334,        0.119094,        2.000000,       71.000000
        0.703401,        0.099872,        2.000000,       71.000000
        0.748965,        0.087622,        2.000000,       71.000000
        0.781830,        0.081681,        2.000000,       71.000000
        0.795965,        0.080445,        2.000000,       71.000000
        0.784526,        0.082389,        2.000000,       71.000000
        0.743664,        0.085949,        2.000000,       71.000000
        0.677898,        0.089629,        2.000000,       71.000000
        0.593507,        0.092149,        2.000000,       71.000000
        0.496423,        0.092970,        2.000000,       71.000000
        0.392679,        0.092073,        2.000000,       71.000000
        0.288248,        0.089907,        2.000000,       71.000000
        0.189249,        0.087349,        2.000000,       71.000000
        0.101209,        0.085510,        2.000000,       71.000000
        0.027738,        0.084868,        2.000000,       71.000000
       -0.031881,        0.085071,        2.000000,       71.000000
       -0.078965,        0.085288,        2.000000,       71.000000
       -0.110550,        0.084880,        2.000000,       71.000000
       -0.122815,        0.083534,        2.000000,       71.000000
       -0.111868,        0.081405,        2.000000,       71.000000
       -0.077797,        0.078890,        2.000000,       71.000000
       -0.021538,        0.076373,        2.000000,       71.000000
        0.052095,        0.074048,        2.000000,       71.000000
        0.136420,        0.072272,        2.000000,       71.000000
        0.221483,        0.071708,        2.000000,       71.000000
        0.294759,        0.073019,        2.000000,       71.000000
        0.353998,        0.076800,        2.000000,       71.000000
        0.397167,        0.083386,        2.000000,       71.000000
        0.428917,        0.092560,        2.000000,       71.000000
        0.455738,        0.103366,        2.000000,       71.000000
        0.474244,        0.114292,        2.000000,       71.000000
        0.484071,        0.123596,        2.000000,       71.000000
        0.485973,        0.129842,        2.000000,       71.000000
        0.477517,        0.128203,        2.000000,       71.000000
        0.135659,        0.163212,        2.000000,       71.000000
        0.126755,        0.165994,        2.000000,       71.000000
        0.114426,        0.160580,        2.000000,       71.000000
        0.099791,        0.151255,        2.000000,       71.000000
        0.082738,        0.138965,        2.000000,       71.000000
        0.063446,        0.125161,        2.000000,       71.000000
        0.042158,        0.111174,        2.000000,       71.000000
        0.018646,        0.098434,        2.000000,       71.000000
       -0.005665,        0.088078,        2.000000,       71.000000
       -0.030975,        0.080546,        2.000000,       71.000000
       -0.056629,        0.075652,        2.000000,       71.000000
       -0.081168,        0.073164,        2.000000,       71.000000
       -0.101678,        0.072629,        2.000000,       71.000000
       -0.111572,        0.073669,        2.000000,       71.000000
       -0.109844,        0.075932,        2.000000,       71.000000
       -0.100121,        0.079040,        2.000000,       71.000000
       -0.085459,        0.082437,        2.000000,       71.000000
       -0.070757,        0.085314,        2.000000,       71.000000
       -0.061133,        0.087063,        2.000000,       71.000000
       -0.059136,        0.087403,        2.000000,       71.000000
       -0.067033,        0.086453,        2.000000,       71.000000
       -0.086907,        0.084625,        2.000000,       71.000000
       -0.119203,        0.082375,        2.000000,       71.000000
       -0.162317,        0.079890,        2.000000,       71.000000
       -0.208193,        0.077270,        2.000000,       71.000000
       -0.246741,        0.074971,        2.000000,       71.000000
       -0.276043,        0.073790,        2.000000,       71.000000
       -0.302016,        0.074745,        2.000000,       71.000000
       -0.325223,        0.079105,        2.000000,       71.000000
       -0.345328,        0.088374,        2.000000,       71.000000
       -0.362485,        0.103608,        2.000000,       71.000000
       -0.378833,        0.124857,        2.000000,       71.000000
       -0.394301,        0.151518,        2.000000,       71.000000
       -0.409875,        0.182856,        2.000000,       71.000000
        0.267541,        0.156729,        3.000000,       71.000000
        0.206450,        0.131102,        3.000000,       71.000000
        0.145158,        0.111394,        3.000000,       71.000000
        0.089210,        0.097710,        3.000000,       71.000000
        0.042722,        0.088987,        3.000000,       71.000000
        0.005608,        0.083849,        3.000000,       71.000000
       -0.022799,        0.081258,        3.000000,       71.000000
       -0.044683,        0.080729,        3.000000,       71.000000
       -0.061489,        0.081934,        3.000000,       71.000000
       -0.078072,        0.084455,        3.000000,       71.000000
       -0.095547,        0.087384,        3.000000,       71.000000
       -0.112818,        0.089637,        3.000000,       71.000000
       -0.129010,        0.090495,        3.000000,       71.000000
       -0.143172,        0.089737,        3.000000,       71.000000
       -0.154424,        0.087595,        3.000000,       71.000000
       -0.161676,        0.084739,        3.000000,       71.000000
       -0.164652,        0.082200,        3.000000,       71.000000
       -0.163026,        0.080681,        3.000000,       71.000000
       -0.157525,        0.080187,        3.000000,       71.000000
       -0.147882,        0.080190,        3.000000,       71.000000
       -0.135262,        0.080298,        3.000000,       71.000000
       -0.124042,        0.080390,        3.000000,       71.000000
       -0.119848,        0.080146,        3.000000,       71.000000
       -0.119819,        0.079147,        3.000000,       71.000000
       -0.122290,        0.077227,        3.000000,       71.000000
       -0.125668,        0.074756,        3.000000,       71.000000
       -0.129252,        0.072531,        3.000000,       71.000000
       -0.135513,        0.071367,        3.000000,       71.000000
       -0.143709,        0.072032,        3.000000,       71.000000
       -0.155067,        0.075170,        3.000000,       71.000000
       -0.169696,        0.081199,        3.000000,       71.000000
       -0.178413,        0.090034,        3.000000,       71.000000
       -0.178382,        0.100814,        3.000000,       71.000000
       -0.171893,        0.111903,        3.000000,       71.000000
       -0.160581,        0.121328,        3.000000,       71.000000
       -0.145247,        0.127597,        3.000000,       71.000000
       -0.125538,        0.125799,        3.000000,       71.000000
        0.655437,        0.138261,        3.000000,       71.000000
        0.674655,        0.140485,        3.000000,       71.000000
        0.674400,        0.134914,        3.000000,       71.000000
        0.658927,        0.126195,        3.000000,       71.000000
        0.626437,        0.115664,        3.000000,       71.000000
        0.576954,        0.105178,        3.000000,       71.000000
        0.508989,        0.096078,        3.000000,       71.000000
        0.423431,        0.088640,        3.000000,       71.000000
        0.322960,        0.082582,        3.000000,       71.000000
        0.212797,        0.077669,        3.000000,       71.000000
        0.096945,        0.074002,        3.000000,       71.000000
       -0.022268,        0.071684,        3.000000,       71.000000
       -0.146617,        0.070686,        3.000000,       71.000000
       -0.277265,        0.070825,        3.000000,       71.000000
       -0.410228,        0.071957,        3.000000,       71.000000
       -0.541948,        0.073941,        3.000000,       71.000000
       -0.667402,        0.076495,        3.000000,       71.000000
       -0.780944,        0.079093,        3.000000,       71.000000
       -0.880449,        0.081290,        3.000000,       71.000000
       -0.965063,        0.083063,        3.000000,       71.000000
       -1.032707,        0.084295,        3.000000,       71.000000
       -1.083299,        0.084631,        3.000000,       71.000000
       -1.118175,        0.083783,        3.000000,       71.000000
       -1.139790,        0.081788,        3.000000,       71.000000
       -1.147692,        0.079127,        3.000000,       71.000000
       -1.140392,        0.076551,        3.000000,       71.000000
       -1.114144,        0.074943,        3.000000,       71.000000
       -1.070723,        0.075414,        3.000000,       71.000000
       -1.017911,        0.079448,        3.000000,       71.000000
       -0.959165,        0.088855,        3.000000,       71.000000
       -0.897612,        0.104773,        3.000000,       71.000000
       -0.834595,        0.127209,        3.000000,       71.000000
       -0.771753,        0.155222,        3.000000,       71.000000
       -0.708944,        0.187835,        3.000000,       71.000000
        0.042835,        0.143494,        4.000000,       71.000000
        0.049117,        0.117760,        4.000000,       71.000000
        0.055364,        0.097854,        4.000000,       71.000000
        0.061518,        0.084096,        4.000000,       71.000000
        0.068433,        0.075787,        4.000000,       71.000000
        0.075173,        0.071572,        4.000000,       71.000000
        0.080502,        0.070062,        4.000000,       71.000000
        0.081395,        0.070398,        4.000000,       71.000000
        0.077190,        0.072272,        4.000000,       71.000000
        0.069312,        0.075338,        4.000000,       71.000000
        0.057404,        0.078671,        4.000000,       71.000000
        0.042230,        0.081045,        4.000000,       71.000000
        0.024792,        0.081762,        4.000000,       71.000000
        0.006016,        0.080642,        4.000000,       71.000000
       -0.013103,        0.078025,        4.000000,       71.000000
       -0.031772,        0.074756,        4.000000,       71.000000
       -0.048418,        0.072083,        4.000000,       71.000000
       -0.060026,        0.070676,        4.000000,       71.000000
       -0.067722,        0.070347,        4.000000,       71.000000
       -0.071616,        0.070529,        4.000000,       71.000000
       -0.070506,        0.070711,        4.000000,       71.000000
       -0.061957,        0.070605,        4.000000,       71.000000
       -0.047471,        0.070114,        4.000000,       71.000000
       -0.033326,        0.069191,        4.000000,       71.000000
       -0.022475,        0.067883,        4.000000,       71.000000
       -0.014411,        0.066309,        4.000000,       71.000000
       -0.007204,        0.064819,        4.000000,       71.000000
       -0.001368,        0.063843,        4.000000,       71.000000
        0.002524,        0.063781,        4.000000,       71.000000
        0.005832,        0.065091,        4.000000,       71.000000
        0.007707,        0.068301,        4.000000,       71.000000
        0.007800,        0.073882,        4.000000,       71.000000
        0.006523,        0.081719,        4.000000,       71.000000
        0.004951,        0.090894,        4.000000,       71.000000
        0.004439,        0.099714,        4.000000,       71.000000
        0.005160,        0.106241,        4.000000,       71.000000
        0.007537,        0.105114,        4.000000,       71.000000
        0.098076,        0.131697,        4.000000,       71.000000
        0.100615,        0.133710,        4.000000,       71.000000
        0.106480,        0.127629,        4.000000,       71.000000
        0.114853,        0.118229,        4.000000,       71.000000
        0.126042,        0.106854,        4.000000,       71.000000
        0.139830,        0.095385,        4.000000,       71.000000
        0.157112,        0.085375,        4.000000,       71.000000
        0.178854,        0.077557,        4.000000,       71.000000
        0.201044,        0.071958,        4.000000,       71.000000
        0.222442,        0.068226,        4.000000,       71.000000
        0.240473,        0.065922,        4.000000,       71.000000
        0.252032,        0.064782,        4.000000,       71.000000
        0.252831,        0.064510,        4.000000,       71.000000
        0.243742,        0.064893,        4.000000,       71.000000
        0.229621,        0.065856,        4.000000,       71.000000
        0.212501,        0.067337,        4.000000,       71.000000
        0.191247,        0.069182,        4.000000,       71.000000
        0.161648,        0.070987,        4.000000,       71.000000
        0.121893,        0.072409,        4.000000,       71.000000
        0.073942,        0.073251,        4.000000,       71.000000
        0.022154,        0.073442,        4.000000,       71.000000
       -0.026659,        0.072987,        4.000000,       71.000000
       -0.068746,        0.071962,        4.000000,       71.000000
       -0.100574,        0.070479,        4.000000,       71.000000
       -0.122062,        0.068747,        4.000000,       71.000000
       -0.134389,        0.067117,        4.000000,       71.000000
       -0.135954,        0.066028,        4.000000,       71.000000
       -0.125182,        0.065853,        4.000000,       71.000000
       -0.105745,        0.067208,        4.000000,       71.000000
       -0.081807,        0.071412,        4.000000,       71.000000
       -0.058797,        0.080107,        4.000000,       71.000000
       -0.034572,        0.094578,        4.000000,       71.000000
       -0.009544,        0.115300,        4.000000,       71.000000
        0.015538,        0.141706,        4.000000,       71.000000
        0.070998,        0.133357,        5.000000,       71.000000
        0.071277,        0.108140,        5.000000,       71.000000
        0.071519,        0.088970,        5.000000,       71.000000
        0.069762,        0.076211,        5.000000,       71.000000
        0.064458,        0.068906,        5.000000,       71.000000
        0.056648,        0.065409,        5.000000,       71.000000
        0.047619,        0.064261,        5.000000,       71.000000
        0.038263,        0.064747,        5.000000,       71.000000
        0.027326,        0.066717,        5.000000,       71.000000
        0.015341,        0.069884,        5.000000,       71.000000
        0.005254,        0.073392,        5.000000,       71.000000
       -0.002847,        0.075915,        5.000000,       71.000000
       -0.009205,        0.076672,        5.000000,       71.000000
       -0.013992,        0.075455,        5.000000,       71.000000
       -0.017346,        0.072618,        5.000000,       71.000000
       -0.019605,        0.069085,        5.000000,       71.000000
       -0.020285,        0.066199,        5.000000,       71.000000
       -0.017971,        0.064680,        5.000000,       71.000000
       -0.012497,        0.064429,        5.000000,       71.000000
       -0.005295,        0.064794,        5.000000,       71.000000
        0.001071,        0.065225,        5.000000,       71.000000
        0.003780,        0.065406,        5.000000,       71.000000
        0.002336,        0.065164,        5.000000,       71.000000
       -0.004568,        0.064433,        5.000000,       71.000000
       -0.018985,        0.063228,        5.000000,       71.000000
       -0.039461,        0.061688,        5.000000,       71.000000
       -0.064904,        0.060146,        5.000000,       71.000000
       -0.094400,        0.059054,        5.000000,       71.000000
       -0.122034,        0.058809,        5.000000,       71.000000
       -0.146174,        0.059770,        5.000000,       71.000000
       -0.167212,        0.062590,        5.000000,       71.000000
       -0.183244,        0.067844,        5.000000,       71.000000
       -0.193542,        0.075447,        5.000000,       71.000000
       -0.198576,        0.084585,        5.000000,       71.000000
       -0.198404,        0.093531,        5.000000,       71.000000
       -0.193899,        0.100245,        5.000000,       71.000000
       -0.183958,        0.099177,        5.000000,       71.000000
        0.213119,        0.123717,        5.000000,       71.000000
        0.223044,        0.125596,        5.000000,       71.000000
        0.227083,        0.119258,        5.000000,       71.000000
        0.226388,        0.109657,        5.000000,       71.000000
        0.220321,        0.098239,        5.000000,       71.000000
        0.208902,        0.087036,        5.000000,       71.000000
        0.191221,        0.077653,        5.000000,       71.000000
        0.164638,        0.070686,        5.000000,       71.000000
        0.130048,        0.065984,        5.000000,       71.000000
        0.091673,        0.062947,        5.000000,       71.000000
        0.052867,        0.061019,        5.000000,       71.000000
        0.017881,        0.059956,        5.000000,       71.000000
       -0.010900,        0.059632,        5.000000,       71.000000
       -0.035996,        0.059820,        5.000000,       71.000000
       -0.059608,        0.060456,        5.000000,       71.000000
       -0.084325,        0.061631,        5.000000,       71.000000
       -0.106470,        0.063179,        5.000000,       71.000000
       -0.122790,        0.064697,        5.000000,       71.000000
       -0.134228,        0.065844,        5.000000,       71.000000
       -0.143028,        0.066491,        5.000000,       71.000000
       -0.152642,        0.066688,        5.000000,       71.000000
       -0.163986,        0.066448,        5.000000,       71.000000
       -0.174720,        0.065806,        5.000000,       71.000000
       -0.184998,        0.064806,        5.000000,       71.000000
       -0.197983,        0.063598,        5.000000,       71.000000
       -0.214158,        0.062499,        5.000000,       71.000000
       -0.232323,        0.061800,        5.000000,       71.000000
       -0.250452,        0.061681,        5.000000,       71.000000
       -0.264405,        0.062531,        5.000000,       71.000000
       -0.268822,        0.065586,        5.000000,       71.000000
       -0.262905,        0.072766,        5.000000,       71.000000
       -0.253603,        0.085763,        5.000000,       71.000000
       -0.244093,        0.105270,        5.000000,       71.000000
       -0.234600,        0.130739,        5.000000,       71.000000
