      788.002700,        0.000000,        0.000000,        0.000000
     -199.353200,        0.000000,        0.000000,        0.000000
    -1676.758100,        0.000000,        0.000000,        0.000000
      -31.737100,        0.000000,        0.000000,        0.000000
     -932.468200,        0.000000,        0.000000,        0.000000
    -1675.639600,        0.000000,        0.000000,        0.000000
     -860.235900,        0.000000,        0.000000,        0.000000
     -138.386300,        0.000000,        0.000000,        0.000000
    -1668.392600,        0.000000,        0.000000,        0.000000
       -4.541000,        0.000000,        0.000000,        0.000000
      898.146200,        0.000000,        0.000000,        0.000000
    -1659.717000,        0.000000,        0.000000,        0.000000
        0.030947,        0.013548,        0.000000,        0.000000
       -0.033811,        0.012536,        0.000000,        0.000000
        0.075350,        0.006693,        0.000000,        0.000000
        1.554700,        0.000000,        0.000000,        0.000000
       -1.269000,        0.000000,        0.000000,        0.000000
       23.729500,        0.000000,        0.000000,        0.000000
       -2.188481,        0.259996,        1.000000,       48.000000
       -1.412042,        0.185271,        1.000000,       48.000000
       -0.636446,        0.137536,        1.000000,       48.000000
        0.128216,        0.116565,        1.000000,       48.000000
        0.859101,        0.110668,        1.000000,       48.000000
        1.495022,        0.108999,        1.000000,       48.000000
        1.973932,        0.106330,        1.000000,       48.000000
        2.248317,        0.102013,        1.000000,       48.000000
        2.320523,        0.097653,        1.000000,       48.000000
        2.212652,        0.095087,        1.000000,       48.000000
        2.017561,        0.094495,        1.000000,       48.000000
        1.792109,        0.095097,        1.000000,       48.000000
        1.586417,        0.097383,        1.000000,       48.000000
        1.407756,        0.101636,        1.000000,       48.000000
        1.217048,        0.106447,        1.000000,       48.000000
        0.967281,        0.110043,        1.000000,       48.000000
        0.630174,        0.111687,        1.000000,       48.000000
        0.214095,        0.111200,        1.000000,       48.000000
       -0.261392,        0.110672,        1.000000,       48.000000
       -0.793561,        0.110216,        1.000000,       48.000000
       -1.369049,        0.109617,        1.000000,       48.000000
       -1.967256,        0.108166,        1.000000,       48.000000
       -2.567533,        0.104953,        1.000000,       48.000000
       -3.172935,        0.100949,        1.000000,       48.000000
       -3.765745,        0.097917,        1.000000,       48.000000
       -4.349066,        0.097021,        1.000000,       48.000000
       -4.905759,        0.097358,        1.000000,       48.000000
       -5.454068,        0.098635,        1.000000,       48.000000
       -5.950044,        0.102060,        1.000000,       48.000000
       -6.352510,        0.107215,        1.000000,       48.000000
       -6.608296,        0.111809,        1.000000,       48.000000
       -6.667808,        0.114543,        1.000000,       48.000000
       -6.494617,        0.114553,        1.000000,       48.000000
       -6.085653,        0.113657,        1.000000,       48.000000
       -5.499726,        0.112419,        1.000000,       48.000000
       -4.822748,        0.110928,        1.000000,       48.000000
       -4.121861,        0.108663,        1.000000,       48.000000
       -3.402381,        0.104932,        1.000000,       48.000000
       -2.690157,        0.100702,        1.000000,       48.000000
       -2.042725,        0.098081,        1.000000,       48.000000
       -1.455103,        0.097738,        1.000000,       48.000000
       -0.939301,        0.098227,        1.000000,       48.000000
       -0.485237,        0.099333,        1.000000,       48.000000
       -0.093223,        0.103684,        1.000000,       48.000000
        0.273892,        0.115480,        1.000000,       48.000000
        0.662217,        0.142344,        1.000000,       48.000000
        1.075224,        0.194196,        1.000000,       48.000000
        1.486659,        0.270733,        1.000000,       48.000000
        1.164175,        0.241280,        2.000000,       48.000000
        1.053634,        0.202751,        2.000000,       48.000000
        0.943141,        0.168679,        2.000000,       48.000000
        0.832450,        0.139953,        2.000000,       48.000000
        0.722660,        0.117507,        2.000000,       48.000000
        0.616102,        0.101728,        2.000000,       48.000000
        0.511884,        0.091837,        2.000000,       48.000000
        0.407455,        0.086216,        2.000000,       48.000000
        0.304227,        0.083478,        2.000000,       48.000000
        0.209356,        0.082668,        2.000000,       48.000000
        0.127109,        0.083305,        2.000000,       48.000000
        0.052388,        0.085038,        2.000000,       48.000000
       -0.015933,        0.087719,        2.000000,       48.000000
       -0.075972,        0.091046,        2.000000,       48.000000
       -0.130669,        0.094424,        2.000000,       48.000000
       -0.181303,        0.097063,        2.000000,       48.000000
       -0.228024,        0.098412,        2.000000,       48.000000
       -0.271959,        0.098207,        2.000000,       48.000000
       -0.314633,        0.096544,        2.000000,       48.000000
       -0.357550,        0.093943,        2.000000,       48.000000
       -0.401447,        0.091073,        2.000000,       48.000000
       -0.448308,        0.088412,        2.000000,       48.000000
       -0.499219,        0.086093,        2.000000,       48.000000
       -0.551400,        0.084245,        2.000000,       48.000000
       -0.601469,        0.083249,        2.000000,       48.000000
       -0.640015,        0.083340,        2.000000,       48.000000
       -0.658347,        0.084620,        2.000000,       48.000000
       -0.650396,        0.087007,        2.000000,       48.000000
       -0.615766,        0.090273,        2.000000,       48.000000
       -0.559444,        0.093888,        2.000000,       48.000000
       -0.483185,        0.096989,        2.000000,       48.000000
       -0.390034,        0.098887,        2.000000,       48.000000
       -0.282666,        0.099234,        2.000000,       48.000000
       -0.163132,        0.098081,        2.000000,       48.000000
       -0.033709,        0.095875,        2.000000,       48.000000
        0.103248,        0.093180,        2.000000,       48.000000
        0.241271,        0.090365,        2.000000,       48.000000
        0.373999,        0.087498,        2.000000,       48.000000
        0.496756,        0.084798,        2.000000,       48.000000
        0.603884,        0.082960,        2.000000,       48.000000
        0.700714,        0.082761,        2.000000,       48.000000
        0.793846,        0.085329,        2.000000,       48.000000
        0.887879,        0.092163,        2.000000,       48.000000
        0.986885,        0.104748,        2.000000,       48.000000
        1.091616,        0.123899,        2.000000,       48.000000
        1.200698,        0.149326,        2.000000,       48.000000
        1.311548,        0.180334,        2.000000,       48.000000
        1.422264,        0.216181,        2.000000,       48.000000
        0.207859,        0.178483,        3.000000,       48.000000
        0.192704,        0.150361,        3.000000,       48.000000
        0.177783,        0.128390,        3.000000,       48.000000
        0.159867,        0.112548,        3.000000,       48.000000
        0.139193,        0.101580,        3.000000,       48.000000
        0.117294,        0.093906,        3.000000,       48.000000
        0.094044,        0.088217,        3.000000,       48.000000
        0.070762,        0.083904,        3.000000,       48.000000
        0.044684,        0.080783,        3.000000,       48.000000
        0.007902,        0.078861,        3.000000,       48.000000
       -0.034080,        0.078077,        3.000000,       48.000000
       -0.078414,        0.078467,        3.000000,       48.000000
       -0.121391,        0.079797,        3.000000,       48.000000
       -0.158804,        0.081740,        3.000000,       48.000000
       -0.191753,        0.083817,        3.000000,       48.000000
       -0.220755,        0.085478,        3.000000,       48.000000
       -0.243137,        0.086518,        3.000000,       48.000000
       -0.257246,        0.087234,        3.000000,       48.000000
       -0.263295,        0.087987,        3.000000,       48.000000
       -0.261741,        0.088526,        3.000000,       48.000000
       -0.253901,        0.088363,        3.000000,       48.000000
       -0.240776,        0.087227,        3.000000,       48.000000
       -0.223460,        0.085354,        3.000000,       48.000000
       -0.201395,        0.083315,        3.000000,       48.000000
       -0.172103,        0.081628,        3.000000,       48.000000
       -0.133122,        0.080713,        3.000000,       48.000000
       -0.088295,        0.080754,        3.000000,       48.000000
       -0.041596,        0.081783,        3.000000,       48.000000
        0.000704,        0.083730,        3.000000,       48.000000
        0.032869,        0.086286,        3.000000,       48.000000
        0.053207,        0.088862,        3.000000,       48.000000
        0.060242,        0.090981,        3.000000,       48.000000
        0.053047,        0.092624,        3.000000,       48.000000
        0.033671,        0.093847,        3.000000,       48.000000
        0.004915,        0.094349,        3.000000,       48.000000
       -0.032185,        0.093760,        3.000000,       48.000000
       -0.077398,        0.091925,        3.000000,       48.000000
       -0.130425,        0.089166,        3.000000,       48.000000
       -0.190526,        0.086123,        3.000000,       48.000000
       -0.258455,        0.083523,        3.000000,       48.000000
       -0.336375,        0.082305,        3.000000,       48.000000
       -0.421537,        0.083752,        3.000000,       48.000000
       -0.510308,        0.089701,        3.000000,       48.000000
       -0.598268,        0.102044,        3.000000,       48.000000
       -0.683572,        0.121643,        3.000000,       48.000000
       -0.766502,        0.148127,        3.000000,       48.000000
       -0.849172,        0.180408,        3.000000,       48.000000
       -0.931816,        0.217485,        3.000000,       48.000000
        0.348265,        0.162180,        4.000000,       48.000000
        0.342949,        0.134383,        4.000000,       48.000000
        0.337777,        0.112851,        4.000000,       48.000000
        0.333270,        0.097719,        4.000000,       48.000000
        0.328641,        0.088048,        4.000000,       48.000000
        0.321796,        0.082254,        4.000000,       48.000000
        0.308463,        0.078667,        4.000000,       48.000000
        0.288703,        0.076175,        4.000000,       48.000000
        0.262977,        0.074389,        4.000000,       48.000000
        0.235422,        0.073362,        4.000000,       48.000000
        0.210117,        0.073155,        4.000000,       48.000000
        0.190527,        0.073711,        4.000000,       48.000000
        0.176404,        0.075027,        4.000000,       48.000000
        0.162880,        0.076967,        4.000000,       48.000000
        0.147141,        0.079099,        4.000000,       48.000000
        0.127299,        0.080923,        4.000000,       48.000000
        0.100964,        0.082123,        4.000000,       48.000000
        0.068153,        0.082557,        4.000000,       48.000000
        0.028236,        0.082390,        4.000000,       48.000000
       -0.016617,        0.081748,        4.000000,       48.000000
       -0.063632,        0.080716,        4.000000,       48.000000
       -0.108619,        0.079385,        4.000000,       48.000000
       -0.146247,        0.077845,        4.000000,       48.000000
       -0.174074,        0.076380,        4.000000,       48.000000
       -0.191572,        0.075360,        4.000000,       48.000000
       -0.200387,        0.074990,        4.000000,       48.000000
       -0.203286,        0.075342,        4.000000,       48.000000
       -0.200877,        0.076349,        4.000000,       48.000000
       -0.193541,        0.077973,        4.000000,       48.000000
       -0.183449,        0.080006,        4.000000,       48.000000
       -0.172072,        0.081890,        4.000000,       48.000000
       -0.160630,        0.083215,        4.000000,       48.000000
       -0.149709,        0.083731,        4.000000,       48.000000
       -0.140678,        0.083530,        4.000000,       48.000000
       -0.134037,        0.082738,        4.000000,       48.000000
       -0.131040,        0.081463,        4.000000,       48.000000
       -0.129295,        0.079841,        4.000000,       48.000000
       -0.126181,        0.078010,        4.000000,       48.000000
       -0.119866,        0.076263,        4.000000,       48.000000
       -0.110522,        0.074991,        4.000000,       48.000000
       -0.096947,        0.074412,        4.000000,       48.000000
       -0.081583,        0.074851,        4.000000,       48.000000
       -0.069877,        0.077060,        4.000000,       48.000000
       -0.067171,        0.082393,        4.000000,       48.000000
       -0.074239,        0.092523,        4.000000,       48.000000
       -0.086695,        0.108651,        4.000000,       48.000000
       -0.101270,        0.131372,        4.000000,       48.000000
       -0.115783,        0.160247,        4.000000,       48.000000
       -0.117581,        0.149661,        5.000000,       48.000000
       -0.111444,        0.122388,        5.000000,       48.000000
       -0.105501,        0.101716,        5.000000,       48.000000
       -0.097617,        0.087884,        5.000000,       48.000000
       -0.086739,        0.079659,        5.000000,       48.000000
       -0.077016,        0.075050,        5.000000,       48.000000
       -0.074028,        0.072209,        5.000000,       48.000000
       -0.080683,        0.070096,        5.000000,       48.000000
       -0.095229,        0.068461,        5.000000,       48.000000
       -0.112604,        0.067360,        5.000000,       48.000000
       -0.129731,        0.066899,        5.000000,       48.000000
       -0.143569,        0.067174,        5.000000,       48.000000
       -0.152069,        0.068146,        5.000000,       48.000000
       -0.157041,        0.069724,        5.000000,       48.000000
       -0.158210,        0.071634,        5.000000,       48.000000
       -0.158219,        0.073372,        5.000000,       48.000000
       -0.159217,        0.074640,        5.000000,       48.000000
       -0.160856,        0.075340,        5.000000,       48.000000
       -0.161854,        0.075588,        5.000000,       48.000000
       -0.163144,        0.075382,        5.000000,       48.000000
       -0.164982,        0.074717,        5.000000,       48.000000
       -0.165409,        0.073588,        5.000000,       48.000000
       -0.162635,        0.072091,        5.000000,       48.000000
       -0.159282,        0.070502,        5.000000,       48.000000
       -0.156193,        0.069251,        5.000000,       48.000000
       -0.154135,        0.068667,        5.000000,       48.000000
       -0.154861,        0.068768,        5.000000,       48.000000
       -0.159071,        0.069557,        5.000000,       48.000000
       -0.165396,        0.071067,        5.000000,       48.000000
       -0.173869,        0.073007,        5.000000,       48.000000
       -0.185841,        0.074848,        5.000000,       48.000000
       -0.199922,        0.076200,        5.000000,       48.000000
       -0.212845,        0.076861,        5.000000,       48.000000
       -0.222016,        0.076922,        5.000000,       48.000000
       -0.226801,        0.076419,        5.000000,       48.000000
       -0.226843,        0.075405,        5.000000,       48.000000
       -0.221777,        0.073941,        5.000000,       48.000000
       -0.213434,        0.072180,        5.000000,       48.000000
       -0.204644,        0.070403,        5.000000,       48.000000
       -0.199627,        0.069044,        5.000000,       48.000000
       -0.198820,        0.068373,        5.000000,       48.000000
       -0.202845,        0.068552,        5.000000,       48.000000
       -0.213044,        0.070288,        5.000000,       48.000000
       -0.232729,        0.075016,        5.000000,       48.000000
       -0.260947,        0.084378,        5.000000,       48.000000
       -0.294787,        0.099702,        5.000000,       48.000000
       -0.329689,        0.121747,        5.000000,       48.000000
       -0.364513,        0.150052,        5.000000,       48.000000
