      788.002700,        0.000000,        0.000000,        0.000000
     -199.353200,        0.000000,        0.000000,        0.000000
    -1676.758100,        0.000000,        0.000000,        0.000000
      -31.737100,        0.000000,        0.000000,        0.000000
     -932.468200,        0.000000,        0.000000,        0.000000
    -1675.639600,        0.000000,        0.000000,        0.000000
     -860.235900,        0.000000,        0.000000,        0.000000
     -138.386300,        0.000000,        0.000000,        0.000000
    -1668.392600,        0.000000,        0.000000,        0.000000
       -4.541000,        0.000000,        0.000000,        0.000000
      898.146200,        0.000000,        0.000000,        0.000000
    -1659.717000,        0.000000,        0.000000,        0.000000
       -0.101812,        0.022997,        0.000000,        0.000000
        0.057141,        0.021456,        0.000000,        0.000000
       -0.113564,        0.011860,        0.000000,        0.000000
        1.939200,        0.000000,        0.000000,        0.000000
       -0.765300,        0.000000,        0.000000,        0.000000
       21.333900,        0.000000,        0.000000,        0.000000
       -1.678628,        0.358850,        1.000000,       63.000000
       -1.431202,        0.283151,        1.000000,       63.000000
       -1.183297,        0.228483,        1.000000,       63.000000
       -0.930707,        0.196355,        1.000000,       63.000000
       -0.702085,        0.181730,        1.000000,       63.000000
       -0.511820,        0.177296,        1.000000,       63.000000
       -0.360711,        0.177210,        1.000000,       63.000000
       -0.274854,        0.177719,        1.000000,       63.000000
       -0.273819,        0.177876,        1.000000,       63.000000
       -0.351132,        0.177801,        1.000000,       63.000000
       -0.483256,        0.177422,        1.000000,       63.000000
       -0.655312,        0.177295,        1.000000,       63.000000
       -0.850826,        0.177383,        1.000000,       63.000000
       -1.052974,        0.177230,        1.000000,       63.000000
       -1.267554,        0.177077,        1.000000,       63.000000
       -1.490923,        0.176767,        1.000000,       63.000000
       -1.697792,        0.176081,        1.000000,       63.000000
       -1.883323,        0.175585,        1.000000,       63.000000
       -2.047800,        0.175262,        1.000000,       63.000000
       -2.182818,        0.175075,        1.000000,       63.000000
       -2.289173,        0.175202,        1.000000,       63.000000
       -2.356580,        0.175278,        1.000000,       63.000000
       -2.396006,        0.175720,        1.000000,       63.000000
       -2.417616,        0.176659,        1.000000,       63.000000
       -2.439528,        0.177738,        1.000000,       63.000000
       -2.479669,        0.179250,        1.000000,       63.000000
       -2.548619,        0.180972,        1.000000,       63.000000
       -2.646053,        0.182004,        1.000000,       63.000000
       -2.768809,        0.182840,        1.000000,       63.000000
       -2.916731,        0.183733,        1.000000,       63.000000
       -3.082590,        0.184047,        1.000000,       63.000000
       -3.256125,        0.182619,        1.000000,       63.000000
       -3.429056,        0.180274,        1.000000,       63.000000
       -3.608335,        0.178134,        1.000000,       63.000000
       -3.793423,        0.176397,        1.000000,       63.000000
       -3.985910,        0.175481,        1.000000,       63.000000
       -4.187857,        0.175378,        1.000000,       63.000000
       -4.390105,        0.175585,        1.000000,       63.000000
       -4.585854,        0.176366,        1.000000,       63.000000
       -4.772859,        0.177796,        1.000000,       63.000000
       -4.943265,        0.179204,        1.000000,       63.000000
       -5.067518,        0.180489,        1.000000,       63.000000
       -5.117083,        0.181931,        1.000000,       63.000000
       -5.075341,        0.182763,        1.000000,       63.000000
       -4.932894,        0.182732,        1.000000,       63.000000
       -4.675054,        0.182576,        1.000000,       63.000000
       -4.304998,        0.182193,        1.000000,       63.000000
       -3.858591,        0.180883,        1.000000,       63.000000
       -3.364340,        0.179355,        1.000000,       63.000000
       -2.843615,        0.178169,        1.000000,       63.000000
       -2.343168,        0.176929,        1.000000,       63.000000
       -1.909723,        0.176111,        1.000000,       63.000000
       -1.528549,        0.176021,        1.000000,       63.000000
       -1.204544,        0.176251,        1.000000,       63.000000
       -0.909853,        0.176741,        1.000000,       63.000000
       -0.637465,        0.177865,        1.000000,       63.000000
       -0.377069,        0.179778,        1.000000,       63.000000
       -0.121379,        0.183723,        1.000000,       63.000000
        0.131892,        0.192523,        1.000000,       63.000000
        0.379879,        0.211031,        1.000000,       63.000000
        0.622823,        0.246624,        1.000000,       63.000000
        0.868821,        0.303570,        1.000000,       63.000000
        1.114712,        0.380186,        1.000000,       63.000000
        0.206378,        0.390370,        2.000000,       63.000000
        0.148627,        0.347067,        2.000000,       63.000000
        0.090878,        0.307064,        2.000000,       63.000000
        0.033110,        0.270836,        2.000000,       63.000000
       -0.024658,        0.238976,        2.000000,       63.000000
       -0.082661,        0.212135,        2.000000,       63.000000
       -0.142896,        0.190767,        2.000000,       63.000000
       -0.207874,        0.175192,        2.000000,       63.000000
       -0.279290,        0.165255,        2.000000,       63.000000
       -0.354963,        0.160195,        2.000000,       63.000000
       -0.434595,        0.158832,        2.000000,       63.000000
       -0.517879,        0.159750,        2.000000,       63.000000
       -0.602206,        0.161760,        2.000000,       63.000000
       -0.687276,        0.163898,        2.000000,       63.000000
       -0.773643,        0.165516,        2.000000,       63.000000
       -0.862558,        0.166246,        2.000000,       63.000000
       -0.953691,        0.165939,        2.000000,       63.000000
       -1.046560,        0.164668,        2.000000,       63.000000
       -1.140766,        0.162714,        2.000000,       63.000000
       -1.235816,        0.160538,        2.000000,       63.000000
       -1.332899,        0.158585,        2.000000,       63.000000
       -1.432186,        0.157347,        2.000000,       63.000000
       -1.532185,        0.157152,        2.000000,       63.000000
       -1.629711,        0.158060,        2.000000,       63.000000
       -1.723500,        0.159954,        2.000000,       63.000000
       -1.812286,        0.162462,        2.000000,       63.000000
       -1.893400,        0.165210,        2.000000,       63.000000
       -1.965820,        0.167796,        2.000000,       63.000000
       -2.028880,        0.169881,        2.000000,       63.000000
       -2.082044,        0.171218,        2.000000,       63.000000
       -2.124652,        0.171641,        2.000000,       63.000000
       -2.155745,        0.171055,        2.000000,       63.000000
       -2.174381,        0.169511,        2.000000,       63.000000
       -2.179573,        0.167202,        2.000000,       63.000000
       -2.170424,        0.164483,        2.000000,       63.000000
       -2.145640,        0.161806,        2.000000,       63.000000
       -2.102837,        0.159591,        2.000000,       63.000000
       -2.040231,        0.158302,        2.000000,       63.000000
       -1.955963,        0.158233,        2.000000,       63.000000
       -1.847502,        0.159379,        2.000000,       63.000000
       -1.714064,        0.161629,        2.000000,       63.000000
       -1.557518,        0.164585,        2.000000,       63.000000
       -1.379341,        0.167803,        2.000000,       63.000000
       -1.181670,        0.170858,        2.000000,       63.000000
       -0.966909,        0.173309,        2.000000,       63.000000
       -0.737468,        0.174842,        2.000000,       63.000000
       -0.495844,        0.175217,        2.000000,       63.000000
       -0.245837,        0.174291,        2.000000,       63.000000
        0.008686,        0.172080,        2.000000,       63.000000
        0.263899,        0.168810,        2.000000,       63.000000
        0.515872,        0.164964,        2.000000,       63.000000
        0.760975,        0.161315,        2.000000,       63.000000
        1.001389,        0.158827,        2.000000,       63.000000
        1.239739,        0.158769,        2.000000,       63.000000
        1.474706,        0.162437,        2.000000,       63.000000
        1.706262,        0.170843,        2.000000,       63.000000
        1.936103,        0.184645,        2.000000,       63.000000
        2.164551,        0.203809,        2.000000,       63.000000
        2.391369,        0.228141,        2.000000,       63.000000
        2.617099,        0.257222,        2.000000,       63.000000
        2.842475,        0.290640,        2.000000,       63.000000
        3.067848,        0.327983,        2.000000,       63.000000
        3.293218,        0.368813,        2.000000,       63.000000
       -2.666891,        0.249033,        3.000000,       63.000000
       -2.396783,        0.221811,        3.000000,       63.000000
       -2.126644,        0.200182,        3.000000,       63.000000
       -1.855471,        0.184290,        3.000000,       63.000000
       -1.582158,        0.173763,        3.000000,       63.000000
       -1.307747,        0.167495,        3.000000,       63.000000
       -1.034985,        0.164243,        3.000000,       63.000000
       -0.766954,        0.162836,        3.000000,       63.000000
       -0.506617,        0.162270,        3.000000,       63.000000
       -0.256983,        0.161894,        3.000000,       63.000000
       -0.020874,        0.161402,        3.000000,       63.000000
        0.197895,        0.160657,        3.000000,       63.000000
        0.393452,        0.159641,        3.000000,       63.000000
        0.562090,        0.158400,        3.000000,       63.000000
        0.702070,        0.157080,        3.000000,       63.000000
        0.811678,        0.155929,        3.000000,       63.000000
        0.888542,        0.155309,        3.000000,       63.000000
        0.933036,        0.155443,        3.000000,       63.000000
        0.948491,        0.156367,        3.000000,       63.000000
        0.937755,        0.157873,        3.000000,       63.000000
        0.902172,        0.159649,        3.000000,       63.000000
        0.844165,        0.161396,        3.000000,       63.000000
        0.767314,        0.162816,        3.000000,       63.000000
        0.674933,        0.163761,        3.000000,       63.000000
        0.570532,        0.164229,        3.000000,       63.000000
        0.457086,        0.164259,        3.000000,       63.000000
        0.336258,        0.163867,        3.000000,       63.000000
        0.211356,        0.163069,        3.000000,       63.000000
        0.085847,        0.161915,        3.000000,       63.000000
       -0.037118,        0.160552,        3.000000,       63.000000
       -0.154557,        0.159181,        3.000000,       63.000000
       -0.263669,        0.158083,        3.000000,       63.000000
       -0.361735,        0.157627,        3.000000,       63.000000
       -0.448239,        0.157960,        3.000000,       63.000000
       -0.523159,        0.159096,        3.000000,       63.000000
       -0.586550,        0.160770,        3.000000,       63.000000
       -0.637379,        0.162678,        3.000000,       63.000000
       -0.675097,        0.164524,        3.000000,       63.000000
       -0.699551,        0.165979,        3.000000,       63.000000
       -0.710498,        0.166865,        3.000000,       63.000000
       -0.707713,        0.167127,        3.000000,       63.000000
       -0.690989,        0.166845,        3.000000,       63.000000
       -0.660151,        0.166049,        3.000000,       63.000000
       -0.614453,        0.164813,        3.000000,       63.000000
       -0.552898,        0.163202,        3.000000,       63.000000
       -0.474273,        0.161406,        3.000000,       63.000000
       -0.378681,        0.159710,        3.000000,       63.000000
       -0.267398,        0.158513,        3.000000,       63.000000
       -0.142007,        0.158302,        3.000000,       63.000000
       -0.005601,        0.159359,        3.000000,       63.000000
        0.138047,        0.161899,        3.000000,       63.000000
        0.285108,        0.166006,        3.000000,       63.000000
        0.437575,        0.171805,        3.000000,       63.000000
        0.597817,        0.179516,        3.000000,       63.000000
        0.764569,        0.189305,        3.000000,       63.000000
        0.936806,        0.201501,        3.000000,       63.000000
        1.113399,        0.216552,        3.000000,       63.000000
        1.293392,        0.234926,        3.000000,       63.000000
        1.476479,        0.257014,        3.000000,       63.000000
        1.661500,        0.282967,        3.000000,       63.000000
        1.847428,        0.312803,        3.000000,       63.000000
        2.033588,        0.346441,        3.000000,       63.000000
        2.219748,        0.383642,        3.000000,       63.000000
        0.440536,        0.236748,        4.000000,       63.000000
        0.425146,        0.209586,        4.000000,       63.000000
        0.409751,        0.187468,        4.000000,       63.000000
        0.394566,        0.170559,        4.000000,       63.000000
        0.378865,        0.158467,        4.000000,       63.000000
        0.361793,        0.150473,        4.000000,       63.000000
        0.341401,        0.145660,        4.000000,       63.000000
        0.316774,        0.143078,        4.000000,       63.000000
        0.288060,        0.141939,        4.000000,       63.000000
        0.255426,        0.141648,        4.000000,       63.000000
        0.218976,        0.141786,        4.000000,       63.000000
        0.177661,        0.142091,        4.000000,       63.000000
        0.129858,        0.142398,        4.000000,       63.000000
        0.077337,        0.142586,        4.000000,       63.000000
        0.020815,        0.142634,        4.000000,       63.000000
       -0.038182,        0.142529,        4.000000,       63.000000
       -0.097850,        0.142267,        4.000000,       63.000000
       -0.156630,        0.141920,        4.000000,       63.000000
       -0.212474,        0.141569,        4.000000,       63.000000
       -0.264720,        0.141290,        4.000000,       63.000000
       -0.311831,        0.141136,        4.000000,       63.000000
       -0.352690,        0.141148,        4.000000,       63.000000
       -0.387331,        0.141374,        4.000000,       63.000000
       -0.415398,        0.141815,        4.000000,       63.000000
       -0.436331,        0.142424,        4.000000,       63.000000
       -0.449464,        0.143133,        4.000000,       63.000000
       -0.454795,        0.143861,        4.000000,       63.000000
       -0.453387,        0.144478,        4.000000,       63.000000
       -0.446663,        0.144942,        4.000000,       63.000000
       -0.435755,        0.145210,        4.000000,       63.000000
       -0.420904,        0.145227,        4.000000,       63.000000
       -0.403037,        0.144912,        4.000000,       63.000000
       -0.382871,        0.144336,        4.000000,       63.000000
       -0.361115,        0.143603,        4.000000,       63.000000
       -0.337284,        0.142815,        4.000000,       63.000000
       -0.311150,        0.142107,        4.000000,       63.000000
       -0.282357,        0.141592,        4.000000,       63.000000
       -0.252222,        0.141341,        4.000000,       63.000000
       -0.221917,        0.141385,        4.000000,       63.000000
       -0.192183,        0.141688,        4.000000,       63.000000
       -0.163820,        0.142183,        4.000000,       63.000000
       -0.136709,        0.142792,        4.000000,       63.000000
       -0.109774,        0.143433,        4.000000,       63.000000
       -0.082842,        0.143989,        4.000000,       63.000000
       -0.055427,        0.144376,        4.000000,       63.000000
       -0.028049,        0.144600,        4.000000,       63.000000
       -0.001920,        0.144634,        4.000000,       63.000000
        0.023535,        0.144426,        4.000000,       63.000000
        0.048212,        0.144023,        4.000000,       63.000000
        0.071239,        0.143492,        4.000000,       63.000000
        0.093082,        0.142886,        4.000000,       63.000000
        0.114989,        0.142327,        4.000000,       63.000000
        0.137544,        0.141944,        4.000000,       63.000000
        0.162196,        0.141927,        4.000000,       63.000000
        0.190076,        0.142567,        4.000000,       63.000000
        0.220961,        0.144289,        4.000000,       63.000000
        0.254988,        0.147665,        4.000000,       63.000000
        0.292010,        0.153411,        4.000000,       63.000000
        0.330099,        0.162410,        4.000000,       63.000000
        0.368159,        0.175450,        4.000000,       63.000000
        0.406066,        0.193230,        4.000000,       63.000000
        0.444021,        0.216079,        4.000000,       63.000000
        0.481958,        0.243804,        4.000000,       63.000000
       -0.246451,        0.210831,        5.000000,       63.000000
       -0.210903,        0.184121,        5.000000,       63.000000
       -0.175499,        0.162900,        5.000000,       63.000000
       -0.138745,        0.147468,        5.000000,       63.000000
       -0.100317,        0.137386,        5.000000,       63.000000
       -0.059223,        0.131675,        5.000000,       63.000000
       -0.014228,        0.129058,        5.000000,       63.000000
        0.034724,        0.128305,        5.000000,       63.000000
        0.088254,        0.128489,        5.000000,       63.000000
        0.145830,        0.129001,        5.000000,       63.000000
        0.203314,        0.129492,        5.000000,       63.000000
        0.255801,        0.129838,        5.000000,       63.000000
        0.299555,        0.130012,        5.000000,       63.000000
        0.335413,        0.129998,        5.000000,       63.000000
        0.363951,        0.129840,        5.000000,       63.000000
        0.384882,        0.129594,        5.000000,       63.000000
        0.399045,        0.129346,        5.000000,       63.000000
        0.407301,        0.129184,        5.000000,       63.000000
        0.410446,        0.129114,        5.000000,       63.000000
        0.408744,        0.129133,        5.000000,       63.000000
        0.402230,        0.129257,        5.000000,       63.000000
        0.390675,        0.129471,        5.000000,       63.000000
        0.372333,        0.129768,        5.000000,       63.000000
        0.348704,        0.130130,        5.000000,       63.000000
        0.320651,        0.130534,        5.000000,       63.000000
        0.288659,        0.130966,        5.000000,       63.000000
        0.254462,        0.131343,        5.000000,       63.000000
        0.218742,        0.131566,        5.000000,       63.000000
        0.180893,        0.131639,        5.000000,       63.000000
        0.141634,        0.131580,        5.000000,       63.000000
        0.103607,        0.131340,        5.000000,       63.000000
        0.067164,        0.130874,        5.000000,       63.000000
        0.032394,        0.130312,        5.000000,       63.000000
       -0.001209,        0.129800,        5.000000,       63.000000
       -0.034435,        0.129435,        5.000000,       63.000000
       -0.068143,        0.129253,        5.000000,       63.000000
       -0.102480,        0.129230,        5.000000,       63.000000
       -0.136647,        0.129322,        5.000000,       63.000000
       -0.169003,        0.129498,        5.000000,       63.000000
       -0.197473,        0.129711,        5.000000,       63.000000
       -0.220978,        0.129914,        5.000000,       63.000000
       -0.239132,        0.130082,        5.000000,       63.000000
       -0.250997,        0.130212,        5.000000,       63.000000
       -0.255907,        0.130257,        5.000000,       63.000000
       -0.253750,        0.130180,        5.000000,       63.000000
       -0.245353,        0.130026,        5.000000,       63.000000
       -0.231626,        0.129814,        5.000000,       63.000000
       -0.212042,        0.129553,        5.000000,       63.000000
       -0.186792,        0.129352,        5.000000,       63.000000
       -0.156119,        0.129224,        5.000000,       63.000000
       -0.119695,        0.129147,        5.000000,       63.000000
       -0.077383,        0.129167,        5.000000,       63.000000
       -0.030806,        0.129373,        5.000000,       63.000000
        0.018570,        0.129882,        5.000000,       63.000000
        0.069825,        0.130848,        5.000000,       63.000000
        0.122177,        0.132586,        5.000000,       63.000000
        0.176947,        0.135602,        5.000000,       63.000000
        0.235808,        0.140634,        5.000000,       63.000000
        0.298686,        0.148610,        5.000000,       63.000000
        0.364332,        0.160445,        5.000000,       63.000000
        0.431605,        0.177014,        5.000000,       63.000000
        0.499579,        0.198780,        5.000000,       63.000000
        0.567527,        0.225565,        5.000000,       63.000000
